G0,148.210,0.910,86.880,100.000,6000
G0,144.975,0.887,81.085,94.000,292
G0,140.377,0.857,73.625,81.000,450
G0,133.933,0.818,64.475,82.000,560
G0,125.633,0.767,54.380,75.000,669
G0,115.575,0.708,44.078,69.000,718
G0,104.225,0.640,34.355,66.000,779
G0,94.928,0.585,27.380,64.000,718
G0,92.085,0.460,25.367,62.000,111
G0,94.428,0.215,26.895,65.000,183
G0,97.760,0.037,29.142,61.000,182
G0,100.690,-0.000,31.223,61.000,195
G0,103.375,0.040,33.223,62.000,146
G0,106.155,0.122,35.398,73.000,182
G0,109.170,0.168,37.867,70.000,195
G0,112.218,0.172,40.490,78.000,207
G0,115.198,0.177,43.188,73.000,195
G0,118.150,0.182,46.002,69.000,206
G0,121.073,0.188,48.938,66.000,207
G0,123.918,0.240,51.947,63.000,207
G0,126.760,0.343,55.122,61.000,207
G0,129.672,0.400,58.560,62.000,231
G0,132.600,0.410,62.220,73.000,231
G0,135.590,0.420,66.215,70.000,243
G0,138.692,0.427,70.657,78.000,280
G0,141.745,0.432,75.355,73.000,280
G0,144.715,0.440,80.317,69.000,279
G0,147.673,0.450,85.708,66.000,316
G0,150.575,0.460,91.538,63.000,316
G0,153.357,0.470,97.763,62.000,353
G0,155.920,0.480,104.213,62.000,341
G0,158.197,0.487,110.768,73.000,353
G0,160.170,0.492,117.358,70.000,341
G0,161.805,0.435,123.787,77.000,340
G0,163.075,0.375,129.740,73.000,304
G0,164.025,0.440,135.197,79.000,268
G0,164.750,0.508,140.445,73.000,267
G0,165.268,0.573,145.227,69.000,255
G0,165.580,0.825,149.050,66.000,182
G0,165.757,1.335,152.212,63.000,148
G0,165.862,2.037,155.562,62.000,163
G0,165.905,2.865,158.442,62.000,210
G0,165.893,4.010,159.512,73.000,51
G0,165.940,5.668,159.578,70.000,89
G0,166.055,7.647,159.673,77.000,104
G0,166.090,9.758,159.745,72.000,102
G0,166.118,12.258,159.843,68.000,115
G0,166.292,15.420,160.055,66.000,167
G0,166.603,19.068,160.380,63.000,185
G0,166.975,23.148,160.795,61.000,197
G0,167.350,27.867,161.298,62.000,242
G0,167.690,33.178,161.880,73.000,269
G0,167.988,38.900,162.535,70.000,289
G0,168.135,45.103,163.235,77.000,304
G0,167.998,51.910,163.955,72.000,349
G0,167.655,59.085,164.710,67.000,366
G0,167.328,66.370,165.545,64.000,363
G0,167.020,73.630,166.430,68.000,375
G0,166.680,80.778,167.317,65.000,349
G0,166.282,88.213,168.245,64.000,367
G0,165.635,96.362,169.205,74.000,416
G0,164.740,105.220,170.177,70.000,446
G0,163.772,114.517,171.142,78.000,482
G0,162.685,123.998,172.030,72.000,469
G0,161.173,133.755,172.782,67.000,496
G0,159.197,143.647,173.368,65.000,519
G0,157.185,153.273,173.780,59.000,485
G0,155.245,162.697,174.018,61.000,477
G0,152.923,172.295,174.055,62.000,485
G0,150.220,182.060,173.868,73.000,529
G0,147.800,191.653,173.418,70.000,484
G0,145.820,200.915,172.685,78.000,484
G0,144.023,209.887,171.660,72.000,447
G0,142.440,218.520,170.345,78.000,462
G0,141.045,226.670,168.780,73.000,402
G0,139.600,234.437,166.243,67.000,415
G0,137.928,241.842,161.750,65.000,449
G0,135.865,248.750,155.795,64.000,479
G0,133.532,255.053,149.153,63.000,467
G0,131.347,260.752,142.055,63.000,481
G0,129.150,265.952,134.840,74.000,446
G0,126.548,270.548,127.485,70.000,461
G0,123.735,274.623,119.998,78.000,446
G0,120.855,278.428,112.773,72.000,441
G0,117.845,281.777,105.978,67.000,402
G0,114.703,284.635,99.540,65.000,385
G0,111.237,287.425,93.547,64.000,370
G0,107.470,290.173,88.302,64.000,369
G0,103.748,292.435,83.938,63.000,297
G0,100.210,294.227,80.067,61.000,271
G0,96.985,295.877,76.358,62.000,268
G0,94.320,297.342,72.720,73.000,229
G0,91.982,298.683,69.095,70.000,222
G0,89.760,300.032,65.590,77.000,228
G0,87.740,301.265,62.223,72.000,194
G0,85.903,302.290,59.015,67.000,208
G0,84.260,303.130,56.215,65.000,158
G0,82.580,303.837,54.110,68.000,148
G0,80.748,304.457,52.700,64.000,111
G0,78.898,305.030,51.665,63.000,112
G0,76.925,305.610,50.725,74.000,103
G0,74.843,306.243,49.650,71.000,133
G0,72.995,306.838,48.532,78.000,116
G0,71.475,307.252,47.683,73.000,82
G0,70.175,307.532,46.915,67.000,78
G0,69.233,307.745,45.775,65.000,74
G0,68.773,307.900,44.125,64.000,88
G0,68.680,308.045,42.105,63.000,103
G0,68.828,308.163,39.850,63.000,113
G0,69.210,308.210,37.500,74.000,124
G0,69.722,308.273,35.252,70.000,116
G0,70.030,308.530,33.355,78.000,106
G0,70.007,308.983,31.940,73.000,71
G0,69.892,309.577,30.817,78.000,60
G0,69.697,310.377,29.617,73.000,69
G0,69.485,311.103,28.117,66.000,64
G0,69.458,311.543,26.540,61.000,57
G0,69.567,312.043,25.205,62.000,70
G0,69.565,312.598,24.010,73.000,65
G0,68.773,312.988,22.065,70.000,71
G0,67.327,313.270,19.335,63.000,62
G0,65.790,314.987,14.863,63.000,80
G0,64.403,318.087,8.735,63.000,58
G0,64.047,319.435,4.955,61.000,74
G0,64.377,319.170,3.438,62.000,82
G0,64.480,319.040,1.967,73.000,79
G0,64.662,319.320,1.823,70.000,59
G0,64.650,319.890,5.213,70.000,59
G0,64.040,320.033,10.407,70.000,72
G0,63.487,319.827,13.387,77.000,71
G0,63.325,319.642,14.647,72.000,64
G0,63.400,319.375,15.950,67.000,75
G0,63.468,319.075,17.300,65.000,68
G0,64.748,318.482,18.693,64.000,71
G0,67.995,317.577,19.795,63.000,74
G0,71.030,316.880,20.180,63.000,124
G0,73.338,316.353,20.180,63.000,100
G0,76.243,315.660,20.180,61.000,148
G0,79.868,314.760,20.180,62.000,199
G0,83.838,313.695,20.227,73.000,199
G0,88.025,312.485,20.323,70.000,224
G0,92.442,311.175,20.370,77.000,224
G0,97.078,309.727,20.418,72.000,248
G0,101.810,308.180,20.562,67.000,249
G0,106.642,306.545,20.660,65.000,248
G0,111.670,304.710,20.610,68.000,274
G0,116.668,302.798,20.560,65.000,273
G0,121.528,300.882,20.560,63.000,248
G0,126.585,298.788,20.560,74.000,273
G0,131.838,296.507,20.560,70.000,298
G0,136.938,294.190,20.560,77.000,274
G0,141.882,291.838,20.560,72.000,273
G0,146.787,289.400,20.560,67.000,274
G0,151.650,286.880,20.560,64.000,273
G0,156.575,284.217,20.560,64.000,273
G0,161.473,281.502,20.610,63.000,298
G0,166.007,278.903,20.758,63.000,249
G0,170.255,276.305,20.902,61.000,249
G0,174.308,273.632,21.087,62.000,249
G0,178.010,270.890,21.450,73.000,226
G0,181.380,268.113,21.948,70.000,225
G0,184.343,265.630,22.547,78.000,203
G0,186.955,263.523,23.110,72.000,151
G0,189.445,261.260,23.705,68.000,174
G0,191.673,258.657,24.695,65.000,187
G0,193.480,256.133,26.000,62.000,171
G0,194.837,253.855,27.433,61.000,144
G0,195.827,251.530,29.162,62.000,146
G0,196.715,248.907,31.228,73.000,178
G0,197.448,246.130,33.480,70.000,186
G0,197.822,243.335,35.905,77.000,180
G0,198.000,240.337,38.537,72.000,199
G0,197.975,237.137,41.270,78.000,220
G0,197.575,233.907,44.043,72.000,205
G0,197.062,230.598,46.870,67.000,227
G0,196.547,227.160,49.703,64.000,216
G0,195.975,223.542,52.520,64.000,236
G0,195.370,219.610,55.297,63.000,236
G0,194.508,215.455,58.005,63.000,263
G0,193.317,211.188,60.590,61.000,244
G0,192.027,206.585,63.035,62.000,273
G0,190.675,201.542,65.355,73.000,283
G0,188.990,196.117,67.525,70.000,303
G0,186.948,190.315,69.515,77.000,327
G0,184.830,184.305,71.397,72.000,335
G0,182.715,178.195,73.352,68.000,330
G0,180.373,172.040,75.352,66.000,354
G0,177.597,165.915,77.213,60.000,339
G0,174.558,159.727,78.890,61.000,365
G0,171.412,153.390,80.343,62.000,350
G0,168.173,146.933,81.495,73.000,380
G0,164.890,140.532,82.380,70.000,353
G0,161.558,134.305,82.995,77.000,362
G0,158.255,128.213,83.302,72.000,340
G0,154.995,122.352,83.325,79.000,345
G0,151.700,116.757,83.082,73.000,312
G0,148.407,111.095,82.618,69.000,331
G0,145.202,105.265,81.943,66.000,338
G0,142.270,99.442,81.015,60.000,329
G0,139.612,93.805,79.882,61.000,321
G0,137.083,88.557,78.593,62.000,296
G0,134.785,83.600,77.233,73.000,280
G0,132.767,78.798,75.907,70.000,269
G0,130.998,74.253,74.590,78.000,256
G0,129.468,70.133,73.265,72.000,229
G0,128.040,66.338,71.933,67.000,204
G0,126.672,62.638,70.655,65.000,216
G0,125.433,59.000,69.460,64.000,191
G0,124.295,55.465,68.255,63.000,204
G0,123.240,52.070,67.055,63.000,180
G0,122.377,48.742,65.945,73.000,186
G0,121.718,45.580,64.960,70.000,171
G0,121.103,42.873,64.088,77.000,147
G0,120.485,40.683,63.290,73.000,116
G0,119.805,38.773,62.503,79.000,101
G0,118.993,36.858,61.685,73.000,115
G0,118.055,34.840,60.767,67.000,114
G0,116.625,32.585,59.442,65.000,137
G0,114.808,29.817,57.745,66.000,211
G0,113.360,26.805,56.227,64.000,194
G0,112.287,24.235,55.028,74.000,144
G0,111.282,22.277,53.970,70.000,123
G0,107.772,18.412,49.540,61.000,97
G0,101.493,12.652,41.373,66.000,73
G0,97.365,9.742,36.127,62.000,84
G0,95.400,9.400,33.905,64.000,72
G0,92.910,9.010,31.190,77.000,71