G0,147.09,21.36,44.9,101.0,6000
G0,144.72,21.01,43.32,63.0,119
G0,140.93,20.46,40.72,74.0,231
G0,136.48,19.6,37.85,71.0,268
G0,132.33,19.01,35.28,78.0,245
G0,128.1,18.4,32.93,73.0,243
G0,123.59,17.75,30.7,67.0,253
G0,120.1,17.25,29.03,65.0,195
G0,117.22,17.02,27.74,59.0,158
G0,114.58,16.46,26.6,61.0,146
G0,112.99,16.41,25.95,59.0,85
G0,109.47,15.38,24.55,78.0,112
G0,107.73,14.63,23.94,73.0,99
G0,106.14,14.42,23.37,67.0,85
G0,107.4,14.59,23.38,62.0,54
G0,108.72,14.77,23.62,73.0,67
G0,111.3,14.94,23.69,70.0,129
G0,113.68,15.09,23.76,66.0,119
G0,115.68,14.81,23.77,65.0,100
G0,118.63,14.08,23.83,64.0,151
G0,121.54,13.29,23.68,63.0,150
G0,125.06,12.9,23.43,63.0,177
G0,129.23,12.33,22.93,61.0,211
G0,133.8,11.32,21.84,62.0,240
G0,143.53,11.03,18.97,75.0,507
G0,151.07,9.75,17.23,71.0,392
G0,158.75,9.02,15.57,78.0,394
G0,167.29,8.22,14.03,73.0,435
G0,176.47,7.04,12.78,79.0,466
G0,186.16,6.86,12.93,73.0,484
G0,195.5,7.2,14.7,79.0,475
G0,203.92,7.51,17.35,73.0,441
G0,211.63,7.79,21.27,68.0,432
G0,218.7,8.39,25.56,66.0,414
G0,225.32,9.34,30.07,64.0,403
G0,231.48,11.02,34.51,61.0,388
G0,237.61,12.4,39.39,62.0,397
G0,242.74,14.17,44.15,73.0,360
G0,247.49,15.59,48.97,71.0,345
G0,251.9,17.03,53.52,66.0,324
G0,255.92,18.48,58.34,65.0,322
G0,259.0,19.9,62.35,63.0,262
G0,261.92,20.94,66.75,63.0,269
G0,264.26,21.53,70.96,63.0,242
G0,266.12,22.51,75.13,63.0,233
G0,268.48,23.12,79.09,63.0,232
G0,270.68,23.31,83.42,74.0,243
G0,272.49,23.89,87.39,70.0,220
G0,273.46,23.97,92.33,78.0,251
G0,273.6,23.98,97.37,72.0,252
G0,272.42,23.88,102.97,79.0,286
G0,270.48,23.71,108.79,73.0,306
G0,267.22,23.42,115.24,68.0,361
G0,263.86,23.54,121.25,66.0,344
G0,260.42,24.04,126.84,61.0,329
G0,257.63,24.98,132.1,61.0,301
G0,254.71,26.27,137.52,62.0,314
G0,251.79,27.53,142.58,73.0,298
G0,248.47,28.71,147.36,70.0,296
G0,245.05,29.46,151.81,78.0,283
G0,241.24,30.13,155.7,72.0,274
G0,237.09,30.35,158.53,67.0,251
G0,232.39,30.47,160.28,65.0,250
G0,227.5,29.83,161.39,59.0,252
G0,222.59,29.19,162.07,61.0,249
G0,217.55,28.19,163.3,62.0,264
G0,212.67,27.56,164.11,73.0,249
G0,208.21,26.98,164.32,70.0,225
G0,203.99,26.11,164.17,78.0,215
G0,200.23,25.32,163.98,72.0,192
G0,194.54,24.3,162.51,80.0,298
G0,190.85,22.94,161.07,74.0,209
G0,186.98,21.61,159.72,79.0,215
G0,183.29,20.9,158.56,74.0,196
G0,179.52,19.07,156.73,79.0,228
G0,176.68,17.13,153.24,73.0,244
G0,174.84,14.79,149.86,69.0,225
G0,173.92,12.56,146.62,66.0,201
G0,174.03,10.42,143.16,65.0,203
G0,174.49,8.57,140.34,62.0,170
G0,174.89,7.52,138.9,63.0,91
G0,174.83,8.59,136.65,77.0,85
G0,174.66,8.04,134.58,72.0,107
G0,175.29,7.26,131.94,67.0,141
G0,176.64,6.78,128.72,65.0,176
G0,178.75,6.58,124.49,64.0,236
G0,181.7,5.86,120.93,63.0,233
G0,185.0,5.96,119.3,63.0,184
G0,187.51,6.04,119.28,61.0,125
G0,188.73,6.08,119.99,63.0,70
G0,189.6,6.4,121.48,63.0,87
G0,190.18,7.0,123.33,74.0,101
G0,191.05,7.92,126.36,70.0,164
G0,192.07,8.55,130.12,78.0,197
ee,1
G0,193.21,9.19,134.85,72.0,245
G0,194.41,9.55,138.51,79.0,193
G0,195.08,9.88,140.95,73.0,127
G0,196.04,9.63,143.92,74.0,156
G0,197.01,9.68,147.38,68.0,179
G0,198.03,10.34,150.41,65.0,163
G0,199.53,10.72,152.6,75.0,134
G0,201.44,11.14,154.87,71.0,149
G0,203.59,11.57,157.64,67.0,176
G0,206.32,12.68,160.49,64.0,204
G0,208.98,14.77,164.02,63.0,244
G0,211.36,17.22,168.45,61.0,279
G0,213.04,20.98,173.3,62.0,318
G0,213.91,25.05,173.5,73.0,208
G0,213.68,28.69,173.52,70.0,182
G0,213.04,31.6,173.5,67.0,148
G0,212.27,35.16,173.48,65.0,182
G0,211.95,39.46,173.52,64.0,215
G0,211.33,43.72,173.54,74.0,215
G0,210.21,47.88,173.52,71.0,215
G0,209.34,52.44,173.54,67.0,232
G0,208.08,57.24,173.54,64.0,248
G0,206.82,62.39,173.56,62.0,265
G0,206.05,67.72,173.63,61.0,269
G0,205.56,73.19,173.73,62.0,274
G0,205.0,79.08,173.84,73.0,295
G0,204.47,85.06,173.94,70.0,300
G0,203.72,90.68,174.01,66.0,283
G0,202.61,96.21,174.05,64.0,282
G0,200.97,101.54,174.08,63.0,278
G0,198.25,106.75,174.08,61.0,293
G0,195.91,110.98,174.08,62.0,241
G0,192.95,116.05,174.08,73.0,293
G0,189.86,121.45,174.08,70.0,311
G0,186.43,126.65,174.08,67.0,311
G0,183.27,131.19,174.08,65.0,276
G0,180.2,135.37,174.08,64.0,259
G0,177.12,138.67,174.07,74.0,225
G0,174.81,141.23,174.07,71.0,172
G0,173.01,143.77,174.07,77.0,155
G0,172.07,145.23,174.08,72.0,86
G0,171.34,146.43,174.08,62.0,70
G0,170.44,147.47,174.08,63.0,68
G0,169.61,146.76,174.05,61.0,55
G0,168.91,145.25,174.0,62.0,83
G0,168.35,142.54,173.89,73.0,138
G0,167.82,139.46,173.73,70.0,156
G0,167.03,136.65,173.54,67.0,146
G0,166.93,134.02,173.37,66.0,131
G0,169.56,132.75,170.26,64.0,88
G0,170.35,131.68,169.04,60.0,90
G0,171.8,130.72,166.67,62.0,92
G0,173.69,130.89,164.38,73.0,148
G0,175.67,131.97,162.11,70.0,159
G0,178.2,133.01,160.07,65.0,170
G0,180.2,134.08,158.44,63.0,139
G0,181.5,133.75,158.22,63.0,67
G0,181.22,132.68,156.27,70.0,97
G0,181.09,132.59,151.69,62.0,229
G0,181.31,131.9,146.16,62.0,278
G0,181.83,131.85,144.73,58.0,76
G0,181.98,132.81,150.01,60.0,156
G0,181.25,133.13,155.07,61.0,256
G0,180.59,133.93,160.87,60.0,294
G0,180.12,134.88,167.43,61.0,332
G0,179.61,135.79,172.79,60.0,273
G0,179.19,136.34,174.08,61.0,73
G0,175.24,140.69,174.07,62.0,69
G0,176.31,139.34,174.07,62.0,86
G0,177.72,138.26,174.08,62.0,88
G0,178.95,137.02,174.08,62.0,87
G0,179.79,135.92,174.08,62.0,69
G0,181.26,133.57,174.08,61.0,86
G0,184.17,131.41,172.81,59.0,62
G0,185.31,130.93,172.57,60.0,63
G0,187.97,129.39,172.1,60.0,98
G0,189.68,128.43,171.61,62.0,101
G0,191.94,127.4,171.36,60.0,124
G0,194.57,126.15,170.84,61.0,147
G0,197.75,123.95,169.58,69.0,203
G0,200.87,121.66,167.57,68.0,218
G0,204.32,119.08,165.54,73.0,238
G0,207.74,116.84,163.71,70.0,223
G0,211.3,113.78,162.12,74.0,247
G0,214.65,110.53,161.02,71.0,239
G0,218.29,107.37,159.36,74.0,254
G0,222.13,102.98,157.47,71.0,306
G0,226.51,97.51,155.52,74.0,363
G0,231.17,92.45,153.22,71.0,362
G0,237.93,87.61,151.2,76.0,427
G0,244.51,79.12,150.76,79.0,537
G0,249.9,74.55,149.65,71.0,357
G0,255.32,69.39,148.67,101.0,377
G0,260.92,64.51,147.46,93.0,376
G0,266.68,59.02,146.06,80.0,403
G0,272.89,52.98,143.8,72.0,447
G0,278.5,46.57,141.53,72.0,440
G0,284.07,40.8,139.74,67.0,410
G0,289.09,34.76,138.23,62.0,399
G0,293.7,28.02,136.22,61.0,420
G0,297.93,21.52,134.67,62.0,395
G0,302.05,13.45,133.27,60.0,458
G0,306.33,5.64,130.67,62.0,463
G0,310.52,-2.38,128.05,91.0,471
G0,313.91,-11.08,126.18,79.0,476
G0,317.09,-19.97,123.57,78.0,489
G0,320.18,-28.07,120.71,73.0,456
G0,323.23,-36.35,117.19,75.0,475
G0,325.77,-43.74,113.84,71.0,425
G0,327.22,-51.62,111.17,74.0,422
G0,327.14,-59.87,109.49,71.0,420
G0,326.28,-68.03,108.68,74.0,412
G0,325.03,-75.09,108.35,71.0,358
G0,323.23,-82.02,108.76,74.0,358
G0,321.45,-88.96,109.24,66.0,359
G0,319.3,-96.32,110.61,72.0,389
G0,317.47,-102.72,112.31,69.0,343
G0,315.38,-110.12,114.82,73.0,404
G0,313.13,-116.94,117.98,70.0,392
G0,311.28,-122.27,122.12,73.0,349
G0,309.24,-127.54,126.82,70.0,367
G0,307.24,-132.26,126.82,63.0,256
G0,305.18,-136.96,126.82,62.0,256
G0,303.31,-141.75,126.49,58.0,257
G0,301.8,-145.59,126.17,59.0,206
G0,298.36,-149.61,127.63,57.0,274
G0,294.8,-155.26,128.27,59.0,335
G0,291.5,-160.44,128.75,56.0,308
G0,288.76,-165.34,128.75,58.0,280
G0,286.17,-170.93,128.11,60.0,309
G0,282.78,-177.86,127.3,62.0,387
G0,278.17,-185.25,127.14,61.0,435
G0,273.42,-191.94,127.3,62.0,410
G0,269.05,-198.27,127.14,62.0,384
G0,263.59,-205.71,126.98,62.0,461
G0,257.92,-213.0,126.82,62.0,461
G0,252.62,-219.27,126.82,63.0,410
G0,247.85,-224.64,126.82,62.0,359
G0,244.03,-228.79,126.82,62.0,282
G0,241.2,-231.77,126.82,62.0,205
G0,238.59,-234.24,126.98,62.0,179
G0,237.2,-235.03,127.47,62.0,83
G0,238.01,-230.82,130.02,60.0,126
G0,240.12,-228.62,130.02,59.0,152
G0,242.11,-226.29,130.18,60.0,153
G0,244.08,-223.27,130.81,61.0,183
G0,245.67,-220.61,131.43,60.0,158
G0,247.11,-217.83,132.21,61.0,161
G0,248.53,-215.05,132.98,73.0,160
G0,250.23,-211.86,133.74,69.0,184
G0,251.89,-208.66,134.5,66.0,184
G0,253.38,-205.35,135.4,72.0,186
G0,254.45,-203.01,136.0,70.0,132
G0,256.05,-200.46,136.29,73.0,151
ee,0
G0,257.5,-197.8,136.74,70.0,153
G0,258.03,-196.32,137.18,76.0,81
G0,258.24,-195.24,137.62,72.0,59
G0,258.62,-193.66,138.2,78.0,86
G0,259.47,-190.59,139.2,64.0,59
G0,260.81,-187.9,139.63,61.0,99
G0,261.96,-186.3,139.63,62.0,98
G0,263.94,-183.48,139.63,73.0,172
G0,266.86,-179.5,139.49,70.0,246
G0,269.85,-174.97,139.49,67.0,271
G0,273.29,-169.55,139.49,65.0,320
G0,277.76,-162.45,139.35,64.0,419
G0,282.28,-154.8,139.2,74.0,444
G0,286.0,-147.83,139.2,70.0,395
G0,289.32,-141.21,139.2,78.0,370
G0,292.7,-134.07,139.2,72.0,394
G0,295.12,-128.66,139.2,68.0,296
G0,296.94,-123.53,139.49,65.0,272
G0,299.17,-118.05,139.17,64.0,296
G0,300.76,-112.85,131.28,74.0,479
G0,301.75,-106.92,123.94,71.0,474
G0,300.68,-101.38,117.74,78.0,419
G0,297.86,-95.37,111.81,72.0,445
G0,293.13,-89.9,105.82,68.0,469
G0,286.46,-84.03,101.25,66.0,499
G0,279.67,-77.4,96.91,64.0,521
G0,272.04,-70.81,93.66,74.0,529
G0,262.98,-65.02,91.86,71.0,545
G0,253.28,-59.74,91.0,66.0,553
G0,244.44,-54.5,90.54,64.0,514
G0,236.6,-49.33,90.52,60.0,469
G0,225.4,-44.12,92.04,63.0,622
G0,219.73,-39.17,92.94,63.0,379
G0,214.4,-35.85,92.4,63.0,315
G0,210.55,-33.22,90.3,63.0,255
G0,208.05,-30.54,86.84,74.0,252
G0,206.14,-29.61,83.19,70.0,211
G0,204.05,-31.23,80.61,66.0,184
G0,202.12,-34.11,78.64,64.0,199
G0,200.83,-37.07,76.46,59.0,194
G0,199.4,-40.62,74.1,61.0,224
G0,197.73,-44.72,71.76,62.0,250
G0,196.21,-48.83,69.22,73.0,253
G0,194.92,-52.33,66.69,70.0,225
G0,194.1,-55.96,64.31,66.0,220
G0,193.59,-57.75,61.55,64.0,166
G0,194.11,-58.23,58.5,64.0,156
G0,195.34,-57.62,54.17,62.0,227
G0,198.99,-56.06,50.09,73.0,284
G0,202.43,-53.02,45.93,70.0,309
G0,206.72,-49.09,41.57,67.0,363
G0,210.63,-44.59,37.53,65.0,360
G0,214.82,-39.32,33.6,64.0,389
G0,219.61,-32.23,29.9,74.0,466
G0,224.44,-23.15,26.86,71.0,536
G0,227.3,-14.31,25.73,68.0,467
G0,228.62,-5.96,25.21,66.0,423
G0,228.3,3.15,25.42,64.0,455
G0,227.46,11.52,25.73,64.0,420
G0,226.1,19.82,25.91,74.0,420
G0,223.71,27.59,26.01,70.0,406
G0,221.62,35.31,25.81,66.0,400
G0,219.2,42.21,25.7,64.0,365
G0,216.35,48.23,26.03,68.0,333
G0,212.72,53.28,26.51,64.0,311
G0,207.99,56.53,27.61,63.0,292
G0,201.03,58.3,29.02,74.0,365
G0,193.77,58.46,31.07,70.0,377
G0,185.24,58.69,33.91,78.0,449
G0,175.61,58.31,36.12,72.0,494
G0,167.05,56.9,37.75,67.0,441
G0,159.53,54.88,38.62,64.0,391
G0,152.83,53.63,39.3,64.0,342
G0,146.97,52.59,39.37,63.0,297
G0,142.46,52.21,39.5,63.0,226
G0,138.67,53.0,39.41,73.0,193
G0,134.96,54.21,38.9,70.0,196
G0,131.49,56.37,38.64,78.0,204
G0,127.5,58.87,38.64,73.0,235
G0,122.92,61.87,38.35,67.0,274
G0,118.98,64.3,38.06,65.0,231
G0,114.16,65.84,37.56,64.0,254
G0,109.59,66.37,37.12,63.0,231
G0,102.37,65.05,35.75,65.0,373
G0,97.41,65.3,34.8,64.0,252
G0,93.47,64.76,33.79,64.0,205
G0,90.1,64.49,32.81,63.0,175
G0,87.4,65.03,32.26,63.0,140
G0,85.11,66.0,31.78,61.0,126
G0,83.51,67.68,31.65,62.0,116
G0,81.94,68.94,31.5,73.0,100
G0,79.28,68.6,30.85,70.0,137
G0,77.22,68.49,30.43,77.0,105
G0,74.84,67.83,29.68,73.0,129
G0,72.34,67.61,28.9,67.0,131
G0,70.76,69.26,28.9,65.0,114
G0,69.15,70.87,28.9,64.0,113
G0,67.36,72.29,28.77,63.0,114
G0,66.04,73.77,28.9,63.0,99
G0,64.56,75.07,28.9,61.0,98
G0,63.52,75.96,28.9,62.0,68
G0,61.4,78.18,29.03,78.0,92
G0,59.71,79.48,29.03,73.0,106
G0,58.48,80.39,29.03,68.0,76
G0,51.29,84.68,28.77,64.0,104
G0,48.7,85.97,28.68,64.0,144
G0,47.6,86.8,28.77,63.0,69
G0,47.87,86.66,28.77,70.0,68
G0,50.4,84.98,28.68,67.0,67
G0,52.34,83.79,28.68,65.0,113
G0,54.28,82.32,28.59,64.0,121
G0,55.66,81.39,28.59,63.0,83
G0,52.11,83.71,28.59,64.0,60
G0,50.56,84.65,28.59,64.0,90
G0,48.73,85.72,28.59,63.0,105
G0,46.75,86.82,28.59,63.0,113
G0,44.87,87.8,28.59,61.0,106
G0,42.98,88.74,28.59,62.0,105
G0,40.65,89.83,28.59,73.0,128
G0,38.29,90.86,28.59,70.0,128
G0,35.91,91.83,28.59,77.0,128
G0,33.79,92.63,28.59,72.0,113
G0,31.65,93.38,28.59,68.0,113
G0,29.92,93.95,28.59,65.0,91
G0,28.48,94.4,28.59,64.0,75
G0,27.17,94.78,28.59,63.0,68
G0,25.42,95.27,28.59,63.0,90
G0,23.81,95.68,28.59,73.0,83
G0,21.46,96.24,28.59,73.0,52
G0,20.42,96.46,28.59,79.0,53