G0,148.63,0.46,44.9,93.0,6000
G0,146.65,0.45,43.49,73.0,85
G0,143.44,-1.1,41.17,70.0,212
G0,142.02,-2.18,40.12,78.0,103
G0,143.54,-2.2,40.27,67.0,54
G0,145.33,-2.45,39.83,65.0,93
G0,148.16,-2.96,39.88,59.0,143
G0,152.06,-3.5,40.14,62.0,197
G0,157.13,-3.38,39.62,63.0,254
G0,163.51,-3.26,38.49,74.0,324
G0,170.45,-3.4,37.81,70.0,348
G0,181.42,-3.06,36.02,79.0,556
G0,189.5,-1.45,34.13,73.0,422
G0,197.86,-0.91,31.64,79.0,436
G0,205.64,0.32,29.01,73.0,415
G0,213.48,2.95,26.97,79.0,425
G0,221.18,5.77,25.77,73.0,414
G0,228.78,7.72,25.59,68.0,392
G0,235.9,8.69,25.56,65.0,359
G0,242.93,8.95,26.01,64.0,352
G0,249.11,9.17,27.22,63.0,315
G0,254.78,10.17,29.3,63.0,306
G0,259.96,11.57,32.01,62.0,300
G0,264.65,13.0,33.91,73.0,262
G0,269.06,14.46,36.3,70.0,261
G0,273.21,15.52,38.6,66.0,243
G0,277.44,16.19,41.14,65.0,248
G0,281.51,17.73,43.77,64.0,254
G0,285.46,18.86,46.79,64.0,254
G0,288.71,19.96,49.1,63.0,206
G0,292.1,21.1,50.64,74.0,194
G0,295.47,21.8,51.85,71.0,182
G0,298.15,22.45,53.29,78.0,155
G0,300.01,23.06,55.14,73.0,134
G0,301.66,23.65,57.15,79.0,133
G0,302.83,24.21,59.26,73.0,123
G0,303.73,24.75,60.96,69.0,99
G0,304.69,25.77,62.9,66.0,119
G0,305.88,26.34,65.27,65.0,135
G0,307.13,26.92,67.89,62.0,148
G0,308.8,28.02,71.64,63.0,212
G0,310.32,28.64,75.21,63.0,196
G0,311.88,28.79,79.05,74.0,207
G0,313.37,29.41,83.15,70.0,220
G0,314.84,29.06,87.9,67.0,249
G0,316.32,29.2,93.4,66.0,284
G0,317.64,28.83,98.1,63.0,244
G0,318.83,29.43,102.46,62.0,227
G0,319.68,29.51,106.51,63.0,206
G0,320.55,29.59,111.3,74.0,243
G0,321.18,29.64,115.4,71.0,207
G0,321.74,29.2,119.5,78.0,208
G0,322.17,28.74,123.38,73.0,196
G0,322.54,28.27,127.76,68.0,221
G0,322.87,26.81,132.14,65.0,231
G0,322.87,25.81,136.67,64.0,231
G0,321.2,24.19,139.06,67.0,80
G0,320.01,24.59,140.06,65.0,80
G0,316.26,20.4,143.38,78.0,73
G0,314.11,18.81,145.12,68.0,90
G0,312.95,17.78,146.04,65.0,90
G0,311.78,16.76,146.94,64.0,89
G0,310.39,16.2,147.96,64.0,90
G0,308.96,16.13,148.96,61.0,87
G0,307.34,16.04,150.06,61.0,98
G0,305.89,15.97,151.02,62.0,87
G0,304.24,15.88,152.08,73.0,98
G0,302.37,16.25,153.24,70.0,111
G0,300.13,16.13,154.58,67.0,130
G0,298.25,16.03,155.67,65.0,108
G0,296.73,15.95,156.52,64.0,87
G0,295.17,16.32,157.35,63.0,90
G0,293.05,16.2,158.46,63.0,119
G0,290.89,16.53,159.54,61.0,121
G0,287.67,17.67,161.04,62.0,186
G0,283.72,20.05,162.72,73.0,245
G0,279.43,23.2,164.37,70.0,278
G0,274.57,27.04,166.04,77.0,320
G0,269.65,30.32,167.55,73.0,305
G0,264.85,33.49,168.86,68.0,294
G0,260.55,37.02,169.86,65.0,282
G0,256.12,40.81,170.76,59.0,294
G0,252.25,44.57,171.43,61.0,271
G0,248.59,47.86,171.99,62.0,247
G0,244.74,50.64,172.52,73.0,238
G0,240.49,54.0,173.0,70.0,271
G0,235.49,58.22,173.44,78.0,327
G0,230.5,61.89,173.77,73.0,310
G0,225.78,65.85,173.97,69.0,308
G0,220.01,72.68,174.09,66.0,447
G0,214.77,80.96,174.12,65.0,489
G0,209.48,90.56,174.12,61.0,548
G0,205.26,98.24,174.12,63.0,438
G0,201.09,105.12,174.11,73.0,402
G0,197.58,111.13,174.11,71.0,347
G0,194.26,116.84,174.11,78.0,330
G0,191.15,121.86,174.11,73.0,295
G0,187.69,127.51,174.11,68.0,331
G0,183.9,132.92,174.11,66.0,330
G0,179.91,138.63,174.11,64.0,348
G0,175.07,145.03,174.11,63.0,401
G0,170.2,152.36,174.12,59.0,440
G0,165.1,159.13,174.12,61.0,423
G0,160.29,165.8,174.11,62.0,411
G0,155.48,172.08,174.08,73.0,395
G0,150.84,177.6,174.05,70.0,360
G0,146.29,181.64,174.05,78.0,304
G0,142.89,185.43,174.02,73.0,254
G0,138.61,190.54,173.95,67.0,333
G0,134.94,194.75,173.88,65.0,279
G0,131.75,198.49,173.8,59.0,245
G0,128.65,203.86,173.58,61.0,310
G0,125.5,210.12,173.21,62.0,350
G0,121.48,215.2,172.92,73.0,324
G0,118.62,219.49,172.58,70.0,258
G0,115.7,224.68,172.07,78.0,298
G0,113.13,229.1,171.56,73.0,256
G0,110.69,232.19,171.22,68.0,197
G0,109.27,233.8,171.04,65.0,107
G0,107.29,235.19,170.95,64.0,121
G0,106.2,235.68,170.95,64.0,59
G0,104.76,236.32,170.95,64.0,78
G0,102.58,237.28,170.95,71.0,79
G0,101.48,237.75,170.95,78.0,59
G0,96.78,241.99,170.48,62.0,118
G0,94.49,244.94,170.02,73.0,188
G0,91.9,248.4,169.43,70.0,218
G0,89.1,251.43,168.92,77.0,207
G0,87.51,253.1,168.62,72.0,116
G0,85.7,254.16,168.5,67.0,105
G0,83.75,254.81,168.5,64.0,61
G0,85.17,253.9,168.62,66.0,61
G0,87.19,253.43,168.56,80.0,62
ee,1
G0,89.13,252.76,168.56,113.0,61
G0,96.23,247.21,169.32,67.0,76
G0,96.0,245.49,169.76,65.0,89
G0,96.21,243.82,170.13,64.0,86
G0,96.17,241.55,170.62,63.0,116
G0,95.91,239.82,171.0,63.0,89
G0,95.48,237.69,171.43,64.0,58
G0,97.56,234.52,170.55,65.0,77
G0,97.83,234.14,168.4,64.0,109
G0,98.16,233.93,165.96,74.0,123
G0,99.91,233.07,163.53,69.0,60
G0,100.23,232.84,162.07,66.0,75
G0,101.51,229.96,159.73,72.0,66
G0,101.4,229.71,156.57,74.0,50
G0,102.23,228.73,153.46,64.0,63
G0,102.16,228.56,152.01,60.0,73
G0,102.17,228.58,150.53,61.0,74
G0,102.07,228.36,148.84,61.0,85
G0,101.89,227.97,147.43,61.0,73
G0,101.9,227.98,146.19,62.0,62
G0,103.02,227.68,144.68,56.0,73
G0,103.05,228.67,148.97,58.0,135
G0,102.8,229.05,152.39,59.0,172
G0,102.63,229.63,156.5,57.0,207
G0,102.02,230.15,158.93,59.0,127
G0,101.42,230.71,162.82,60.0,109
G0,101.11,230.96,164.76,62.0,99
G0,101.05,230.84,166.75,62.0,99
G0,100.64,230.85,168.97,62.0,112
G0,100.47,231.43,171.58,62.0,133
G0,103.12,229.79,172.21,62.0,77
G0,104.88,228.99,172.21,61.0,96
G0,106.73,228.37,172.18,62.0,97
G0,108.73,227.19,172.21,73.0,116
G0,110.82,226.17,172.21,70.0,116
G0,113.93,224.62,172.21,77.0,173
G0,117.7,222.67,172.21,72.0,212
G0,121.45,220.65,172.21,78.0,212
G0,125.82,218.19,172.21,73.0,250
G0,130.48,215.43,172.21,79.0,270
G0,135.73,212.17,172.21,73.0,308
G0,141.21,208.56,172.21,78.0,328
G0,148.79,203.22,172.21,73.0,463
G0,156.17,197.6,172.21,67.0,463
G0,164.22,190.97,172.21,64.0,521
G0,172.41,183.9,172.18,63.0,540
G0,181.27,175.79,172.1,63.0,600
G0,189.74,167.26,172.03,62.0,601
G0,198.71,157.54,171.92,63.0,661
G0,208.33,147.2,171.64,62.0,706
G0,219.01,134.49,171.26,63.0,830
G0,229.48,121.3,170.72,63.0,842
G0,239.91,107.67,169.92,63.0,859
G0,249.51,94.93,168.86,63.0,799
G0,259.27,82.14,167.36,63.0,807
G0,267.8,69.7,165.74,63.0,758
G0,276.36,57.18,163.64,63.0,765
G0,284.35,45.75,161.13,60.0,708
G0,292.14,33.76,158.16,61.0,730
G0,298.67,23.87,155.13,62.0,611
G0,305.72,11.73,151.26,69.0,728
G0,312.58,-0.48,146.68,68.0,736
G0,319.03,-12.73,141.46,73.0,739
G0,323.91,-24.89,136.59,70.0,698
G0,328.15,-40.47,130.96,74.0,855
G0,331.26,-55.91,125.18,71.0,838
G0,333.59,-69.02,119.46,74.0,724
G0,334.25,-81.55,114.93,71.0,667
G0,332.36,-96.38,112.07,74.0,761
G0,329.16,-108.74,111.17,71.0,639
G0,325.24,-120.33,110.99,74.0,611
G0,320.38,-132.71,110.99,71.0,664
G0,314.49,-146.98,110.44,74.0,772
G0,309.19,-158.62,109.9,71.0,640
G0,305.26,-166.8,109.35,63.0,454
G0,300.85,-175.34,108.8,61.0,481
G0,294.86,-185.45,108.62,58.0,587
G0,289.73,-192.95,108.98,59.0,454
G0,284.41,-200.3,109.35,56.0,454
G0,278.86,-208.15,109.17,58.0,480
G0,272.35,-216.6,109.17,56.0,533
G0,266.33,-223.4,109.71,58.0,454
G0,260.24,-230.11,110.08,59.0,453
G0,253.33,-237.52,110.26,61.0,506
G0,246.3,-244.8,110.26,61.0,506
G0,240.57,-249.6,111.17,62.0,376
G0,235.27,-253.26,112.61,62.0,329
G0,229.82,-256.72,114.22,63.0,332
G0,223.91,-260.38,115.81,62.0,356
G0,218.57,-263.02,117.74,62.0,313
G0,213.74,-264.56,120.15,63.0,280
G0,210.83,-264.26,122.69,63.0,193
G0,208.53,-263.02,125.51,63.0,192
G0,207.67,-261.11,127.79,63.0,154
G0,207.26,-258.97,129.86,63.0,150
G0,207.6,-256.95,131.28,63.0,124
G0,207.52,-255.25,132.67,63.0,109
G0,205.36,-254.99,134.2,64.0,87
G0,203.11,-256.18,134.65,64.0,129
G0,200.44,-258.48,134.5,70.0,176
G0,197.66,-260.61,134.5,69.0,175
G0,195.65,-262.12,134.5,73.0,125
G0,193.95,-263.19,134.65,70.0,100
G0,192.73,-264.08,134.65,74.0,75
ee,0
G0,193.7,-266.26,132.36,74.0,99
G0,195.15,-266.53,131.28,71.0,91
G0,197.5,-266.3,130.02,66.0,133
G0,200.44,-265.97,128.43,64.0,167
G0,204.09,-264.85,126.98,64.0,204
G0,207.86,-263.01,126.0,61.0,215
G0,212.63,-259.91,125.35,62.0,286
G0,216.89,-256.17,125.51,73.0,283
G0,221.96,-251.8,125.51,70.0,334
G0,226.84,-247.21,125.68,68.0,335
G0,232.46,-241.93,124.63,65.0,389
G0,237.87,-236.42,119.03,64.0,476
G0,243.32,-230.24,112.71,75.0,519
G0,248.31,-223.67,106.57,71.0,514
G0,252.77,-217.37,100.78,78.0,482
G0,257.16,-210.39,95.43,73.0,491
G0,261.2,-202.56,88.45,69.0,562
G0,264.25,-192.86,80.27,66.0,652
G0,266.7,-182.38,72.02,65.0,678
G0,268.26,-171.03,63.69,75.0,708
G0,268.4,-158.64,55.45,71.0,744
G0,266.82,-145.79,48.88,67.0,725
G0,263.48,-133.64,44.49,65.0,667
G0,258.79,-121.43,42.24,62.0,663
G0,253.75,-109.7,40.44,61.0,644
G0,248.01,-99.18,39.48,62.0,601
G0,237.12,-87.31,39.18,75.0,805
G0,232.33,-74.39,40.12,71.0,690
G0,226.29,-66.0,41.72,78.0,523
G0,220.66,-58.52,42.84,73.0,471
G0,215.36,-51.14,43.5,68.0,455
G0,210.47,-44.56,43.7,65.0,410
G0,205.92,-38.34,43.79,60.0,385
G0,201.58,-33.39,44.02,61.0,329
G0,196.77,-29.19,44.39,62.0,319
G0,191.38,-25.69,44.33,73.0,321
G0,185.25,-22.56,43.89,70.0,344
G0,179.36,-20.17,43.6,66.0,318
G0,173.12,-18.66,43.18,64.0,321
G0,167.14,-18.28,42.72,110.0,300
G0,161.28,-18.39,42.39,92.0,293
G0,155.22,-17.94,42.16,80.0,304
G0,148.78,-16.73,41.91,82.0,327
G0,142.32,-14.24,41.01,75.0,349
G0,135.79,-12.11,40.16,70.0,346
G0,129.23,-10.73,38.99,66.0,340
G0,123.38,-9.1,37.66,65.0,310
G0,117.34,-8.11,36.02,62.0,316
G0,111.73,-7.9,34.24,63.0,294
G0,106.45,-7.03,32.38,73.0,283
G0,102.1,-5.33,30.57,70.0,250
G0,99.37,-3.66,29.35,67.0,171
G0,96.81,-3.12,28.12,65.0,144
G0,94.89,-2.62,27.29,64.0,107
G0,96.24,0.89,32.0,61.0,81
G0,96.38,0.89,33.51,61.0,75
G0,94.67,1.02,32.61,62.0,96
G0,94.49,-2.17,32.47,69.0,58
G0,94.45,-3.33,32.47,66.0,58