G0,170.03,10.18,56.27,90.0,6000
G0,168.58,10.1,54.97,80.0,97
G0,166.01,9.94,52.74,83.0,170
G0,162.25,9.72,49.65,75.0,243
G0,157.61,9.44,46.1,69.0,292
G0,152.45,9.13,42.45,66.0,316
G0,146.73,8.79,38.75,65.0,341
G0,141.28,8.46,35.53,64.0,316
G0,135.27,8.1,32.42,69.0,338
G0,130.02,7.79,29.87,66.0,292
G0,125.58,7.52,27.89,64.0,243
G0,121.98,7.31,26.41,74.0,194
G0,119.26,7.14,25.35,71.0,146
G0,117.66,7.05,24.76,78.0,85
G0,114.91,6.88,23.78,78.0,60
G0,112.84,6.76,23.09,73.0,109
G0,110.75,6.63,22.42,68.0,109
G0,108.2,6.31,21.64,65.0,134
G0,106.1,6.19,21.03,64.0,109
G0,103.04,6.01,20.21,64.0,158
G0,101.41,5.92,19.84,64.0,83
G0,98.1,5.72,19.06,74.0,170
G0,97.77,3.0,18.99,71.0,57
G0,96.48,2.81,18.96,73.0,54
G0,98.9,0.15,19.52,75.0,68
G0,100.32,-0.15,19.87,71.0,74
G0,101.5,0.16,20.17,78.0,62
G0,103.85,-0.0,20.8,73.0,121
G0,106.44,-0.0,21.59,79.0,135
G0,110.32,0.17,23.43,73.0,214
G0,113.31,0.17,25.86,69.0,192
G0,115.77,0.18,29.03,66.0,200
G0,117.35,0.36,32.98,63.0,212
G0,112.36,0.34,54.66,77.0,1112
G0,112.83,1.38,56.01,94.0,85
G0,113.99,1.22,57.87,81.0,109
G0,115.75,0.71,60.79,83.0,172
G0,118.38,0.54,65.46,75.0,268
G0,121.39,0.56,71.31,80.0,328
G0,123.86,0.57,76.61,74.0,292
G0,126.03,0.39,81.46,69.0,265
G0,127.28,-0.0,84.95,66.0,186
G0,128.45,-0.39,88.15,65.0,171
G0,129.48,-0.6,91.15,62.0,158
G0,130.51,-1.2,94.4,63.0,173
G0,131.39,-2.42,97.43,73.0,169
G0,132.3,-3.86,100.39,71.0,170
G0,132.69,-5.3,102.61,67.0,133
G0,133.0,-7.35,104.27,65.0,132
G0,133.02,-10.43,105.21,64.0,161
G0,132.73,-14.1,105.45,64.0,184
G0,132.43,-17.99,105.59,64.0,195
G0,132.05,-21.66,106.3,61.0,187
G0,131.74,-25.16,107.73,62.0,189
G0,131.78,-27.27,109.88,74.0,150
G0,132.1,-28.81,113.23,71.0,185
G0,132.65,-29.79,117.8,78.0,235
G0,133.4,-30.17,122.77,73.0,252
G0,133.84,-30.06,128.44,68.0,284
G0,134.36,-29.74,136.47,61.0,402
G0,134.83,-27.9,141.17,62.0,253
G0,135.32,-25.41,141.17,63.0,126
G0,136.07,-22.11,141.31,74.0,169
G0,136.71,-17.71,141.31,71.0,222
G0,137.27,-12.67,141.31,78.0,253
G0,137.61,-8.24,141.31,73.0,222
G0,138.14,-3.6,141.59,79.0,233
G0,138.52,0.64,141.87,74.0,213
G0,139.13,4.48,142.42,68.0,196
G0,140.01,7.74,143.24,66.0,173
G0,140.81,11.04,144.04,61.0,174
G0,142.24,14.45,145.37,62.0,196
G0,142.77,16.05,145.9,63.0,88
G0,142.85,13.63,145.77,73.0,54
G0,142.64,12.06,145.5,69.0,80
G0,142.26,10.27,145.11,66.0,93
G0,141.69,8.27,144.58,64.0,107
G0,140.42,6.25,143.51,62.0,130
G0,138.97,4.05,142.28,63.0,145
G0,137.84,1.9,141.31,74.0,130
G0,137.85,0.42,141.31,71.0,74
G0,137.84,-1.69,141.31,73.0,63
G0,137.81,-3.38,141.31,69.0,84
G0,137.76,-5.07,141.31,66.0,84
G0,137.68,-6.98,141.31,65.0,95
G0,137.57,-8.88,141.31,62.0,95
G0,137.38,-11.41,141.31,62.0,126
G0,137.15,-13.93,141.31,73.0,126
G0,136.97,-15.61,141.31,70.0,84
G0,136.84,-16.66,141.31,67.0,52
G0,136.65,-18.13,141.31,65.0,74
G0,136.48,-19.39,141.31,64.0,63
G0,136.33,-20.44,141.31,64.0,53
G0,136.0,-21.46,141.17,64.0,54
G0,135.96,-22.73,141.31,74.0,63
G0,135.75,-23.98,141.31,71.0,63
G0,136.45,-19.6,141.31,62.0,53
G0,136.93,-17.32,141.45,74.0,116
G0,137.51,-15.25,141.73,70.0,108
G0,138.42,-12.99,142.28,78.0,124
G0,139.52,-10.08,142.96,73.0,159
G0,140.23,-6.67,143.37,69.0,175
G0,141.2,-3.47,144.04,66.0,170
G0,141.94,-0.0,144.58,65.0,179
G0,143.29,2.86,145.63,74.0,166
G0,144.97,5.56,146.93,71.0,171
G0,147.13,8.59,148.57,78.0,203
G0,150.02,11.07,148.14,73.0,191
G0,153.64,13.47,148.17,79.0,217
G0,156.71,16.16,148.47,74.0,204
G0,159.41,18.92,148.96,69.0,194
G0,161.74,21.46,149.17,66.0,172
G0,164.3,24.63,148.55,63.0,206
G0,167.23,27.96,148.51,62.0,221
G0,171.44,32.19,149.21,63.0,300
G0,175.53,36.32,150.36,74.0,296
G0,179.49,40.31,151.75,70.0,289
G0,182.54,43.65,152.67,78.0,230
G0,185.17,46.99,153.62,73.0,217
G0,187.0,50.82,154.33,68.0,215
G0,189.49,55.27,155.17,66.0,258
G0,192.54,60.67,156.08,65.0,313
G0,196.31,66.52,157.22,64.0,352
G0,199.62,72.12,157.86,64.0,326
G0,202.22,76.94,158.25,74.0,274
G0,204.15,80.92,158.24,70.0,221
G0,205.52,85.13,158.62,78.0,222
G0,206.5,89.64,159.18,73.0,232
G0,207.4,94.23,159.94,79.0,236
G0,207.98,98.76,160.41,74.0,229
G0,207.92,103.06,161.34,68.0,219
G0,207.88,106.65,162.02,65.0,182
G0,207.4,110.04,162.7,64.0,174
G0,207.91,112.36,162.87,63.0,119
G0,209.5,114.89,162.69,68.0,149
G0,211.05,116.16,162.78,65.0,100
G0,210.61,114.24,159.95,60.0,62
ee,1
G0,208.77,112.42,155.01,65.0,86
G0,208.76,112.0,153.32,65.0,87
G0,208.87,111.23,151.39,64.0,104
G0,209.03,111.32,149.67,64.0,86
G0,208.78,111.6,147.73,74.0,98
G0,208.66,111.12,145.81,71.0,99
G0,208.42,112.22,145.06,73.0,55
G0,209.28,108.99,143.41,70.0,67
G0,209.4,108.64,148.03,61.0,120
G0,207.18,109.11,160.29,62.0,623
G0,203.58,112.45,173.75,61.0,716
G0,202.01,115.25,174.07,62.0,161
G0,203.98,113.08,174.05,70.0,112
G0,205.83,109.21,174.05,73.0,74
G0,208.95,111.69,173.88,79.0,56
G0,213.08,112.22,171.33,63.0,81
G0,213.4,111.55,170.11,63.0,71
G0,213.87,110.55,168.41,63.0,101
G0,214.5,109.21,166.95,63.0,103
G0,215.27,107.53,165.49,63.0,117
G0,216.05,105.86,164.76,63.0,99
G0,216.82,104.18,164.03,63.0,99
G0,217.57,102.5,163.3,63.0,98
G0,218.32,100.81,162.81,59.0,95
G0,219.07,99.13,162.57,61.0,92
G0,219.6,97.34,162.1,60.0,96
G0,220.38,94.87,161.39,61.0,134
G0,221.3,92.46,160.18,61.0,142
G0,222.47,89.76,158.46,60.0,170
G0,223.69,86.29,157.01,62.0,197
G0,224.76,82.37,155.57,61.0,215
G0,226.4,77.89,154.1,62.0,249
G0,228.46,72.76,153.34,69.0,279
G0,230.71,66.91,151.83,69.0,322
G0,233.16,61.07,149.8,67.0,332
G0,236.07,54.15,147.47,75.0,393
G0,239.41,46.86,144.82,71.0,422
G0,242.94,39.85,142.55,78.0,408
G0,246.66,32.34,139.93,72.0,439
G0,250.29,25.43,137.45,79.0,409
G0,253.69,17.54,134.66,73.0,451
G0,257.11,9.86,132.23,79.0,437
G0,259.38,1.99,130.7,73.0,416
G0,260.18,-5.19,130.48,79.0,361
G0,260.03,-12.37,129.95,73.0,360
G0,259.98,-19.18,129.6,79.0,340
G0,259.31,-25.54,129.13,73.0,320
G0,258.62,-30.69,128.66,79.0,260
G0,257.83,-35.42,127.95,73.0,242
G0,256.94,-39.73,127.01,68.0,225
G0,255.71,-43.56,125.66,65.0,212
G0,254.68,-46.61,124.03,64.0,180
G0,253.39,-49.6,121.7,63.0,200
G0,251.83,-52.1,119.2,64.0,193
G0,250.34,-54.2,116.21,64.0,197
G0,248.44,-55.79,113.35,64.0,189
G0,245.21,-56.65,111.11,63.0,201
G0,241.87,-56.27,109.19,63.0,193
G0,237.03,-55.91,107.78,63.0,252
G0,232.51,-54.84,106.72,64.0,238
G0,227.88,-52.64,105.37,63.0,265
G0,223.48,-50.19,103.9,59.0,262
G0,218.85,-48.09,102.11,61.0,269
G0,214.2,-46.38,100.89,61.0,255
G0,209.14,-44.95,99.79,60.0,268
G0,204.72,-43.67,99.41,62.0,230
G0,199.95,-42.97,98.88,61.0,242
G0,196.31,-42.19,97.87,62.0,192
G0,193.71,-41.63,96.46,69.0,150
G0,191.38,-41.13,94.45,69.0,155
G0,189.86,-41.11,91.93,73.0,147
G0,188.5,-40.81,89.64,70.0,134
G0,187.52,-40.6,87.41,74.0,122
G0,186.08,-40.29,85.17,71.0,134
G0,184.81,-40.01,82.98,74.0,127
G0,184.14,-39.57,81.04,71.0,104
G0,185.33,-39.24,79.42,74.0,101
G0,187.98,-38.89,77.46,71.0,165
G0,193.21,-38.74,74.79,74.0,293
G0,200.63,-39.59,72.21,71.0,395
G0,278.14,-53.11,61.15,87.0,3972
G0,295.69,-55.05,71.23,78.0,1016
G0,310.48,-57.31,84.69,82.0,1006
G0,334.45,-61.21,108.78,78.0,1710
G0,340.76,-65.61,110.63,71.0,395
G0,339.02,-66.89,112.79,67.0,152
G0,338.02,-69.94,113.33,65.0,162
G0,337.46,-71.44,113.68,64.0,81
G0,336.11,-71.69,115.46,63.0,112
G0,335.1,-71.48,116.86,64.0,86
G0,334.89,-73.05,116.69,64.0,79
G0,334.44,-75.1,116.69,64.0,104
G0,333.97,-77.15,116.69,63.0,105
G0,333.49,-79.2,116.69,63.0,105
G0,332.62,-82.78,116.69,63.0,184
G0,331.58,-86.85,116.69,63.0,210
G0,330.49,-90.91,116.69,63.0,210
G0,329.35,-94.96,116.69,59.0,210
G0,327.7,-100.51,116.69,61.0,289
G0,325.96,-106.02,116.69,61.0,288
G0,323.95,-112.0,116.69,61.0,315
G0,322.01,-117.45,116.69,62.0,289
G0,319.61,-123.85,116.69,61.0,341
G0,317.59,-129.27,116.51,62.0,289
G0,315.07,-135.63,116.34,70.0,342
G0,312.09,-142.37,116.34,69.0,368
G0,309.53,-148.73,115.81,73.0,343
G0,306.86,-154.46,115.63,70.0,316
G0,304.66,-159.85,114.93,74.0,293
G0,302.47,-165.27,114.04,71.0,295
G0,300.14,-171.25,112.79,74.0,326
G0,297.47,-177.06,111.89,71.0,322
G0,295.16,-182.5,110.63,74.0,302
G0,293.03,-187.45,109.35,71.0,276
G0,290.51,-192.82,106.53,69.0,328
G0,288.58,-196.69,104.39,67.0,241
G0,286.99,-200.15,101.82,72.0,229
G0,285.88,-202.66,99.91,70.0,167
G0,284.74,-205.15,98.0,74.0,166
G0,283.85,-206.5,96.84,71.0,99
G0,282.71,-208.33,95.24,74.0,134
G0,281.34,-210.67,93.95,71.0,150
G0,279.45,-213.3,93.27,74.0,165
G0,277.44,-215.83,92.54,71.0,165
G0,276.07,-217.5,91.82,74.0,113
G0,274.7,-219.17,91.33,71.0,110
G0,273.35,-220.85,91.33,74.0,107
G0,271.99,-222.52,91.33,71.0,107
G0,270.28,-224.6,91.33,63.0,134
G0,269.02,-226.36,90.22,62.0,121
G0,267.31,-228.45,89.3,59.0,142
G0,264.84,-231.3,89.3,60.0,188
G0,261.61,-234.93,89.06,59.0,243
G0,258.71,-238.12,89.06,61.0,215
G0,255.78,-241.29,89.3,62.0,216
G0,252.8,-244.41,89.3,73.0,215
ee,0
G0,249.01,-248.24,89.06,70.0,269
G0,245.94,-251.28,89.06,76.0,216
G0,243.24,-253.92,89.3,72.0,189
G0,240.5,-256.52,89.3,67.0,188
G0,237.72,-259.07,89.06,65.0,189
G0,235.33,-261.25,89.06,60.0,161
G0,232.91,-263.4,89.06,62.0,161
G0,231.29,-264.83,89.06,62.0,108
G0,229.66,-266.24,89.06,73.0,107
G0,228.02,-267.65,89.06,70.0,108
G0,225.96,-269.39,89.06,66.0,134
G0,224.31,-270.77,89.06,64.0,107
G0,222.64,-272.14,89.06,64.0,108
G0,221.39,-273.16,89.06,61.0,80
G0,219.41,-275.0,88.44,73.0,83
G0,217.76,-276.4,87.76,70.0,113
G0,215.65,-278.09,86.85,67.0,142
G0,213.46,-279.66,85.88,66.0,143
G0,210.35,-281.82,84.42,60.0,202
G0,207.58,-283.52,82.0,62.0,202
G0,204.8,-285.18,79.83,63.0,194
G0,202.45,-286.52,77.9,73.0,166
G0,200.93,-287.17,75.73,71.0,136
G0,200.3,-287.21,73.81,67.0,101
G0,199.63,-287.19,71.66,65.0,112
G0,199.22,-286.58,68.74,63.0,150
G0,198.48,-285.52,64.37,62.0,227
G0,196.33,-283.35,62.01,62.0,193
G0,193.41,-280.07,60.02,73.0,241
G0,191.23,-275.1,57.47,70.0,299
G0,187.99,-269.55,53.98,68.0,365
G0,184.62,-262.99,49.51,66.0,431
G0,181.06,-256.24,45.44,64.0,432
G0,179.24,-248.78,41.11,75.0,440
G0,177.65,-241.08,37.55,71.0,431
G0,177.4,-232.42,34.37,78.0,461
G0,177.54,-223.94,30.93,73.0,457
G0,178.78,-215.13,27.56,69.0,475
G0,180.19,-205.68,24.36,67.0,503
G0,182.11,-195.44,21.48,65.0,540
G0,183.8,-184.36,19.35,75.0,570
G0,185.29,-172.66,18.88,71.0,590
G0,186.84,-160.17,19.26,78.0,629
G0,188.43,-147.05,20.24,72.0,662
G0,190.6,-133.36,22.17,62.0,699
G0,192.65,-119.93,24.94,63.0,693
G0,194.74,-106.41,27.8,63.0,698
G0,197.14,-93.98,30.41,74.0,646
G0,198.74,-83.04,33.51,71.0,574
G0,198.68,-73.5,38.36,67.0,535
G0,196.87,-64.7,43.62,64.0,520
G0,194.34,-56.68,49.86,64.0,523
G0,191.58,-49.55,57.26,62.0,532
G0,178.49,-40.08,68.57,77.0,986
G0,173.95,-31.28,72.26,72.0,528
G0,169.07,-27.47,74.53,68.0,329
G0,162.96,-24.17,75.66,68.0,351
G0,159.53,-21.42,75.66,66.0,219
G0,156.08,-20.47,75.57,65.0,178
G0,152.71,-20.26,75.55,64.0,168
G0,149.31,-20.05,76.43,64.0,175
G0,145.65,-20.24,77.93,74.0,198
G0,142.2,-20.2,79.76,71.0,195
G0,139.05,-19.76,81.38,67.0,178
G0,136.42,-19.38,82.84,65.0,151
G0,134.32,-19.08,84.86,65.0,146
G0,131.03,-18.82,84.42,64.0,166
G0,129.05,-18.94,84.36,75.0,99
G0,127.06,-19.25,84.24,71.0,100
G0,125.41,-19.59,83.72,78.0,88
G0,125.5,-19.01,83.72,62.0,58
G0,125.75,-17.28,83.72,63.0,87
G0,126.04,-14.96,83.72,73.0,116
G0,126.49,-12.46,84.18,71.0,129
G0,127.01,-9.56,84.86,78.0,151
G0,127.37,-6.45,85.31,73.0,158
G0,127.67,-2.94,85.77,68.0,177
G0,128.12,1.18,86.91,66.0,214
G0,128.65,5.92,88.75,65.0,255
G0,129.07,11.31,91.05,64.0,293
G0,129.3,17.96,94.07,64.0,365
G0,129.04,25.05,97.1,62.0,385
G0,128.26,31.92,99.68,62.0,368
G0,127.01,37.04,100.15,73.0,264
G0,125.27,41.81,99.78,70.0,254
G0,123.51,46.77,99.78,78.0,263
G0,121.8,50.89,99.54,73.0,223
G0,120.06,54.55,99.07,69.0,203
G0,118.19,58.36,98.84,66.0,212
G0,116.26,61.69,98.14,99.0,195
G0,114.28,64.05,96.03,93.0,186
G0,112.06,65.77,92.54,78.0,223
G0,109.18,67.05,87.23,68.0,308
G0,105.87,66.36,79.38,66.0,427
G0,102.87,65.14,72.27,75.0,390
G0,100.94,63.27,67.04,71.0,294
G0,98.67,62.06,62.34,78.0,267
G0,96.37,60.82,57.93,73.0,256
G0,93.87,59.65,53.62,68.0,255
G0,91.53,58.75,49.99,66.0,220
G0,89.53,58.44,47.41,64.0,163
G0,87.58,59.3,45.84,64.0,132
G0,85.6,61.87,45.64,63.0,162
G0,83.38,65.07,45.84,74.0,194
G0,80.93,68.31,46.03,71.0,203
G0,78.82,70.99,46.17,78.0,170
G0,76.5,73.28,45.98,73.0,163
G0,73.99,75.37,45.64,68.0,164
G0,71.12,77.51,45.01,66.0,181
G0,68.1,80.18,45.01,64.0,201
G0,63.96,83.52,45.01,64.0,265
G0,58.74,86.18,43.9,63.0,298
G0,53.65,86.78,41.03,61.0,293
G0,49.55,87.77,39.52,62.0,223
G0,45.8,89.27,38.92,73.0,204
G0,42.48,90.9,38.92,70.0,184
G0,40.38,91.85,38.92,78.0,115
G0,39.25,92.34,38.92,72.0,61
G0,33.86,94.63,39.05,74.0,53
G0,38.34,92.56,38.68,64.0,62
G0,40.11,91.63,38.5,74.0,100
G0,42.22,90.7,38.45,71.0,115
G0,43.74,89.97,38.45,78.0,84
G0,45.04,89.14,38.31,73.0,77
G0,44.51,89.79,38.54,64.0,61
G0,42.78,90.44,38.4,64.0,92
G0,43.88,89.91,38.4,71.0,77
G0,45.94,88.88,38.4,78.0,115
G0,47.43,88.09,38.4,73.0,84