G0,147.500,0.450,85.250,118.000,6000
G0,143.683,0.440,78.665,90.000,341
G0,138.363,0.425,70.440,76.000,499
G0,131.050,0.402,60.650,62.000,621
G0,121.905,0.375,50.245,62.000,706
G0,111.172,0.340,40.025,63.000,742
G0,101.062,0.307,31.705,74.000,779
G0,95.882,0.110,27.775,70.000,320
G0,96.285,-0.263,27.985,62.000,96
G0,99.040,-0.418,29.875,73.000,170
G0,102.252,-0.350,32.175,70.000,207
G0,105.607,-0.280,34.640,77.000,205
G0,109.145,0.052,37.000,73.000,214
G0,113.442,0.893,39.167,78.000,224
G0,119.298,1.848,41.505,73.000,319
G0,127.005,2.647,44.148,68.000,414
G0,142.350,3.847,47.413,66.000,491
G0,165.145,5.457,50.932,71.000,1759
G0,182.542,6.593,53.310,78.000,618
G0,193.148,7.112,54.958,73.000,523
G0,202.197,7.527,57.053,67.000,484
G0,209.430,8.043,59.767,65.000,373
G0,215.077,8.505,63.095,64.000,327
G0,219.523,9.105,66.950,63.000,297
G0,223.033,10.110,71.032,63.000,276
G0,225.975,11.373,75.093,61.000,253
G0,228.625,12.823,79.053,62.000,254
G0,231.030,14.107,82.720,73.000,237
G0,233.035,14.855,85.942,70.000,186
G0,234.743,15.235,89.032,67.000,167
G0,236.440,15.712,92.388,64.000,192
G0,238.202,16.565,95.990,63.000,207
G0,239.950,17.422,99.685,63.000,214
G0,241.415,17.805,103.595,63.000,204
G0,242.355,17.968,107.882,60.000,225
G0,242.718,18.182,112.360,61.000,228
G0,242.377,18.160,116.975,72.000,222
G0,241.298,17.895,121.947,70.000,260
G0,239.725,17.777,127.082,77.000,279
G0,238.000,17.922,131.832,72.000,257
G0,236.335,18.070,135.750,67.000,218
G0,234.847,18.047,138.838,65.000,159
G0,233.493,17.942,141.470,64.000,149
G0,232.090,17.745,144.025,63.000,136
G0,230.610,17.367,146.928,60.000,165
G0,228.780,16.968,150.353,61.000,190
G0,226.260,16.607,154.045,62.000,237
G0,223.210,16.210,157.555,73.000,236
G0,219.983,15.887,160.505,70.000,227
G0,216.768,15.573,162.772,78.000,189
G0,213.600,15.180,164.363,73.000,187
G0,210.498,14.878,165.465,67.000,154
G0,207.480,14.665,166.207,65.000,166
G0,204.558,14.457,166.475,64.000,138
G0,201.475,14.162,166.278,63.000,149
G0,198.085,13.622,165.517,58.000,185
G0,194.768,12.797,164.270,61.000,189
G0,191.843,11.938,163.102,62.000,166
G0,189.290,11.410,162.215,73.000,131
G0,186.835,11.120,161.185,70.000,124
G0,184.370,10.833,159.690,78.000,158
G0,182.130,10.700,157.635,72.000,142
G0,180.045,10.785,155.005,78.000,173
G0,178.028,10.803,152.083,73.000,184
G0,176.447,10.572,149.198,68.000,170
G0,175.465,10.445,146.320,65.000,140
G0,174.833,10.607,143.260,68.000,165
G0,174.380,10.645,140.125,65.000,158
G0,173.978,10.485,137.040,63.000,153
G0,173.495,10.390,133.905,73.000,158
G0,172.968,10.293,130.843,70.000,164
G0,172.370,10.190,127.953,77.000,134
G0,171.638,10.212,124.995,72.000,159
G0,170.850,10.232,121.898,67.000,158
G0,170.055,10.252,118.837,65.000,163
G0,169.180,10.330,115.890,63.000,147
G0,168.240,10.335,113.058,63.000,158
G0,167.368,10.283,110.435,63.000,133
G0,166.560,10.235,108.020,61.000,126
G0,165.765,10.312,105.882,61.000,121
G0,165.040,10.585,104.130,73.000,88
G0,164.362,10.922,102.555,70.000,86
G0,163.680,11.445,100.587,77.000,88
G0,163.445,12.060,98.125,63.000,74
G0,164.210,12.305,95.773,63.000,111
G0,165.850,12.297,93.765,63.000,140
G0,167.965,12.322,92.187,92.000,137
G0,170.072,12.412,90.917,80.000,123
G0,171.827,12.607,89.637,82.000,110
G0,173.465,12.792,88.282,75.000,95
G0,175.328,13.000,86.755,81.000,126
G0,177.312,13.287,85.477,80.000,71
G0,179.387,13.723,85.113,74.000,94
G0,182.020,14.703,85.375,79.000,137
G0,185.887,16.387,85.620,73.000,201
G0,191.452,18.668,85.718,68.000,306
G0,198.345,21.823,85.860,65.000,388
G0,206.170,26.238,85.933,64.000,437
G0,214.968,31.385,85.413,63.000,539
G0,224.098,36.667,84.250,63.000,528
G0,232.550,42.367,82.845,61.000,528
G0,239.975,48.880,81.225,62.000,479
G0,246.410,56.117,79.535,73.000,522
G0,251.922,63.805,78.463,70.000,448
G0,256.897,72.037,77.987,78.000,494
G0,261.558,80.865,77.602,72.000,493
G0,266.670,90.495,77.698,68.000,519
G0,271.795,102.025,78.493,67.000,657
G0,275.072,114.817,79.172,76.000,746
G0,277.075,126.627,79.218,71.000,544
G0,278.642,137.692,78.877,67.000,564
G0,279.398,149.172,78.433,64.000,565
G0,279.285,161.015,77.835,64.000,610
G0,278.230,172.707,77.110,63.000,588
G0,275.963,183.850,76.670,63.000,570
G0,272.280,194.640,76.635,61.000,557
G0,267.488,205.015,76.885,62.000,604
G0,262.023,214.555,77.625,73.000,525
G0,255.998,223.248,78.767,70.000,553
G0,249.630,231.190,79.942,66.000,498
G0,243.365,238.382,81.078,64.000,500
G0,237.507,244.722,82.135,63.000,422
G0,232.177,250.127,83.102,63.000,395
G0,227.605,254.637,84.358,61.000,318
G0,223.920,258.387,86.395,61.000,283
G0,221.090,261.540,89.190,61.000,256
G0,219.143,264.127,92.312,73.000,229
G0,217.942,266.190,95.343,70.000,191
G0,217.250,267.635,98.000,78.000,160
G0,216.632,268.978,99.448,73.000,113
G0,216.008,270.960,98.665,65.000,101
G0,215.855,273.123,96.195,64.000,170
G0,216.192,275.062,93.185,63.000,181
G0,216.613,276.905,90.213,62.000,187
G0,216.655,278.498,87.875,61.000,151
G0,215.730,279.958,86.653,62.000,85
G0,213.757,281.618,86.350,70.000,108
G0,211.593,283.252,86.350,78.000,135
G0,209.630,284.707,86.350,72.000,108
G0,207.683,286.180,86.132,67.000,135
G0,205.995,287.545,85.420,65.000,116
G0,204.630,288.665,84.065,59.000,98
G0,203.500,289.418,81.835,62.000,142
G0,202.675,289.660,78.832,63.000,160
G0,201.980,289.615,75.513,64.000,172
G0,201.377,289.462,72.383,92.000,172
ee,1
G0,201.027,289.192,69.860,80.000,121
G0,200.718,288.980,67.942,84.000,97
G0,200.293,288.842,66.150,76.000,77
G0,199.925,288.550,64.005,80.000,121
G0,199.630,288.123,61.690,74.000,121
G0,199.355,287.725,59.677,69.000,109
G0,199.132,287.405,57.975,66.000,73
G0,199.023,287.015,56.230,64.000,93
G0,199.078,286.395,54.360,74.000,101
G0,199.108,285.735,52.542,71.000,101
G0,198.938,285.252,50.910,78.000,85
G0,198.680,284.880,49.460,73.000,72
G0,198.402,284.482,47.955,69.000,72
G0,198.107,284.060,46.287,66.000,97
G0,197.745,283.770,44.748,64.000,81
G0,197.635,283.382,43.550,74.000,66
G0,198.248,282.643,42.385,66.000,75
G0,199.050,281.940,40.930,64.000,99
G0,199.458,281.370,39.297,63.000,81
G0,199.735,280.620,37.580,63.000,96
G0,200.095,279.760,35.915,63.000,106
G0,200.363,279.000,34.367,73.000,73
G0,200.485,278.267,32.712,70.000,96
G0,200.505,277.623,30.910,77.000,96
G0,200.507,277.180,28.983,72.000,97
G0,200.688,276.760,26.663,68.000,109
G0,201.010,276.310,23.733,65.000,159
G0,201.368,275.905,20.503,64.000,168
G0,201.907,275.533,17.703,74.000,158
G0,202.897,275.113,15.232,70.000,98
G0,203.955,275.002,12.467,61.000,52
G0,204.543,275.355,10.015,64.000,54
G0,204.957,275.473,8.110,74.000,77
G0,205.510,275.332,6.088,70.000,117
G0,206.285,275.265,3.860,77.000,109
G0,207.072,275.213,1.627,72.000,137
G0,207.580,275.230,-0.193,68.000,94
G0,207.618,275.500,-2.285,66.000,60
G0,207.085,276.108,-4.332,62.000,54
G0,206.690,276.683,-4.010,62.000,89
G0,206.618,277.255,-1.362,62.000,118
G0,206.317,278.190,2.562,62.000,221
G0,205.680,279.340,7.238,62.000,251
G0,204.955,280.375,11.970,62.000,248
G0,204.257,281.222,16.598,62.000,235
G0,203.467,281.947,20.955,62.000,237
G0,202.965,282.393,24.945,62.000,192
G0,202.938,282.583,29.062,62.000,193
G0,202.990,282.658,33.983,62.000,246
G0,203.050,282.515,39.690,62.000,298
G0,203.143,282.188,45.718,110.000,299
G0,203.175,281.777,51.692,91.000,310
G0,203.252,281.200,57.445,79.000,278
G0,203.472,280.368,63.023,67.000,289
G0,203.743,279.385,68.157,65.000,271
G0,204.123,278.335,72.540,62.000,215
G0,204.840,277.082,76.335,62.000,207
G0,205.655,275.748,79.582,70.000,188
G0,206.335,274.457,82.210,69.000,137
G0,207.415,272.833,84.442,75.000,140
G0,209.030,270.628,86.512,71.000,189
G0,210.442,267.973,88.573,68.000,175
G0,211.630,264.858,90.615,66.000,194
G0,213.430,261.105,92.165,64.000,221
G0,216.205,256.380,92.895,68.000,271
G0,219.638,250.550,93.107,65.000,354
G0,223.740,243.873,92.915,67.000,374
G0,228.632,236.517,91.998,64.000,467
G0,233.998,228.198,90.197,61.000,471
G0,239.678,218.635,87.735,61.000,604
G0,245.488,208.235,85.032,62.000,598
G0,251.142,197.300,82.325,60.000,642
G0,256.692,185.892,79.750,61.000,638
G0,262.340,174.312,77.668,69.000,670
G0,267.965,162.608,76.297,68.000,633
G0,273.200,150.808,75.480,73.000,677
G0,278.072,139.055,74.983,70.000,601
G0,282.728,127.035,74.505,74.000,667
G0,286.740,114.325,73.600,71.000,645
G0,290.040,100.207,72.213,75.000,720
G0,292.895,84.745,70.705,81.000,830
G0,295.065,69.045,69.282,74.000,779
G0,296.308,53.225,67.990,79.000,796
G0,296.773,36.998,66.672,73.000,815
G0,296.867,20.210,65.183,79.000,830
G0,296.720,3.085,63.837,73.000,893
G0,295.940,-14.758,63.065,79.000,819
G0,294.238,-33.542,62.803,73.000,1046
G0,291.632,-51.873,62.855,69.000,863
G0,288.007,-69.683,63.065,61.000,932
G0,283.115,-87.662,63.082,61.000,910
G0,276.957,-105.745,62.925,57.000,978
G0,269.155,-124.540,62.925,59.000,956
G0,259.603,-143.665,63.047,61.000,1184
G0,249.157,-161.278,63.100,59.000,957
G0,238.243,-177.273,63.138,60.000,1002
G0,227.002,-192.228,63.530,62.000,912
G0,215.698,-205.868,64.522,60.000,917
G0,204.465,-218.118,65.910,61.000,805
G0,193.548,-229.178,67.737,91.000,809
G0,183.140,-239.233,70.228,79.000,707
G0,173.165,-248.347,73.177,78.000,715
G0,163.345,-256.697,76.380,73.000,629
G0,154.035,-264.110,79.815,69.000,683
G0,146.118,-270.155,83.522,77.000,483
G0,139.435,-275.207,87.552,72.000,480
G0,133.258,-279.845,91.630,78.000,417
G0,127.358,-284.108,95.620,73.000,432
G0,121.487,-287.998,99.830,78.000,380
G0,115.332,-291.665,104.315,73.000,451
G0,109.047,-295.127,108.797,79.000,409
G0,102.737,-298.293,113.035,73.000,423
G0,96.412,-301.155,117.175,79.000,391
G0,90.215,-303.702,121.272,73.000,411
G0,84.265,-305.868,124.778,79.000,358
G0,78.815,-307.633,127.685,73.000,321
G0,73.903,-309.087,130.355,79.000,284
G0,69.178,-310.288,132.453,73.000,266
G0,64.535,-311.320,133.762,78.000,250
G0,60.123,-312.260,134.920,72.000,223
G0,55.817,-313.120,136.320,67.000,237
G0,51.865,-313.897,137.808,65.000,226
G0,49.110,-314.428,139.740,63.000,175
G0,47.547,-314.692,141.602,63.000,145
G0,45.858,-314.947,142.290,73.000,73
G0,43.560,-315.272,142.290,70.000,146
G0,41.013,-315.570,142.325,62.000,74
G0,38.575,-315.752,142.430,62.000,73
G0,36.865,-315.832,142.535,64.000,74
G0,35.532,-315.982,142.535,62.000,72
G0,33.845,-316.252,142.465,60.000,74
G0,31.913,-316.542,142.395,60.000,97
G0,29.855,-316.827,142.325,61.000,74
G0,27.672,-317.065,142.290,68.000,98
G0,24.393,-317.403,142.222,72.000,73
G0,20.017,-317.877,142.088,61.000,73
G0,17.098,-318.107,142.053,57.000,73
G0,15.510,-318.147,142.085,58.000,73
G0,13.678,-318.233,142.085,56.000,98
G0,11.720,-318.225,142.153,58.000,98
G0,9.763,-318.163,142.255,56.000,98
G0,7.688,-318.220,142.255,58.000,97
G0,5.005,-318.398,142.153,55.000,122
G0,2.078,-318.472,142.120,58.000,195
G0,1.222,-318.520,142.085,55.000,76
G0,3.680,-319.248,141.457,61.000,173
G0,7.765,-320.798,140.088,62.000,257
G0,11.505,-322.257,138.738,62.000,230
G0,14.625,-322.950,138.017,62.000,131
G0,17.740,-323.160,137.688,62.000,174
G0,20.852,-323.220,137.468,62.000,152
G0,23.703,-323.025,137.470,62.000,149
G0,26.545,-322.722,137.545,59.000,124
G0,29.525,-322.585,137.435,60.000,174
G0,32.383,-322.472,137.288,61.000,125
G0,35.100,-322.188,137.285,60.000,149
G0,37.815,-321.840,137.320,61.000,124
G0,40.410,-321.528,137.320,60.000,149
G0,42.758,-321.267,137.285,61.000,99
G0,45.365,-321.067,137.140,73.000,124
G0,48.717,-320.772,136.955,70.000,175
G0,52.292,-320.293,136.880,77.000,198
G0,55.250,-319.885,136.808,72.000,149
G0,57.812,-320.040,136.252,78.000,102
G0,60.550,-321.060,134.827,73.000,192
G0,63.155,-322.627,132.850,79.000,182
G0,65.123,-324.120,130.998,73.000,173
G0,66.832,-324.892,129.865,78.000,90
G0,69.093,-324.530,129.748,72.000,152
G0,69.915,-323.502,130.610,65.000,82
G0,67.735,-322.993,131.588,62.000,153
G0,65.968,-323.212,131.745,62.000,134
G0,66.672,-322.873,131.938,62.000,101
G0,68.377,-321.767,132.670,60.000,79
G0,70.147,-320.992,133.055,91.000,76
G0,71.877,-320.650,133.017,79.000,51
G0,73.850,-320.243,132.980,67.000,125
G0,75.822,-319.822,132.940,69.000,51
G0,78.300,-319.335,132.822,73.000,76
ee,0
G0,81.510,-318.650,132.707,74.000,75
G0,83.963,-318.058,132.670,68.000,75
G0,85.910,-317.535,132.670,65.000,100
G0,88.310,-316.758,132.785,74.000,125
G0,91.025,-315.707,133.052,71.000,154
G0,94.100,-314.558,133.282,66.000,151
G0,97.855,-313.075,133.590,64.000,201
G0,102.812,-310.850,134.160,64.000,257
G0,109.760,-307.895,134.650,63.000,378
G0,118.165,-304.592,134.800,63.000,501
G0,126.190,-301.373,134.800,73.000,426
G0,133.218,-298.072,132.375,70.000,375
G0,138.828,-294.150,123.457,66.000,615
G0,142.162,-289.360,109.935,64.000,857
G0,144.197,-283.310,97.988,60.000,664
G0,146.655,-275.060,89.830,61.000,569
G0,149.657,-263.780,84.677,62.000,647
G0,141.000,-232.148,79.062,73.000,745
G0,131.088,-169.940,71.873,84.000,4865
G0,139.452,-111.550,67.427,85.000,3812
G0,144.983,-77.222,65.332,79.000,1326
G0,141.952,-53.155,63.137,72.000,1426
G0,139.723,-34.225,61.340,68.000,826
G0,136.035,-18.988,59.992,65.000,786
G0,132.010,-4.940,58.675,64.000,749
G0,128.002,7.768,57.402,74.000,651
G0,124.198,19.843,56.495,70.000,624
G0,120.228,31.785,55.913,66.000,638
G0,115.898,43.315,55.638,64.000,619
G0,110.972,54.205,55.635,62.000,588
G0,105.045,64.368,55.538,61.000,597
G0,98.060,73.435,55.135,62.000,578
G0,89.945,81.297,54.505,73.000,547
G0,80.410,88.222,53.582,70.000,601
G0,69.835,93.870,52.170,67.000,623
G0,59.057,97.655,50.242,65.000,581
G0,48.572,100.015,48.180,64.000,546
G0,38.597,101.648,46.402,74.000,517
G0,29.432,102.535,44.847,70.000,473
G0,21.433,102.450,43.223,66.000,407
G0,14.685,101.560,41.388,64.000,353
G0,8.998,100.465,39.550,59.000,302
G0,4.298,99.335,37.862,61.000,257
G0,1.218,97.970,36.172,62.000,211
G0,0.113,96.532,34.528,73.000,112
G0,0.000,95.180,33.030,70.000,97