G0,212.79,-184.7,60.63,96.0,6000
G0,212.95,-184.83,53.33,82.0,365
G0,213.07,-184.94,42.46,74.0,543
G0,213.1,-184.97,27.62,79.0,742
G0,217.15,-188.48,-5.12,79.0,1658
G0,216.64,-187.46,0.29,73.0,276
G0,216.26,-187.12,-3.02,79.0,167
G0,216.78,-188.16,-6.1,74.0,164
G0,217.41,-185.8,-7.55,71.0,134
G0,219.03,-186.61,-6.65,67.0,88
G0,220.86,-188.16,-4.59,66.0,158
G0,228.05,-191.89,-1.99,77.0,425
G0,238.18,-194.86,-3.03,68.0,530
G0,247.23,-197.25,-5.54,66.0,484
G0,251.7,-197.05,-5.26,66.0,224
G0,256.26,-198.72,-3.22,75.0,263
G0,263.42,-199.78,-2.27,72.0,365
G0,270.86,-198.96,1.42,68.0,417
G0,279.02,-197.15,8.22,66.0,538
G0,287.63,-196.04,18.82,66.0,685
G0,294.82,-193.74,30.85,66.0,710
G0,300.23,-192.06,44.97,75.0,760
G0,304.13,-190.64,57.13,72.0,642
G0,304.09,-188.02,72.74,68.0,791
G0,302.64,-184.57,90.06,66.0,885
G0,300.27,-180.6,105.28,100.0,795
G0,297.26,-176.93,112.25,93.0,421
G0,293.83,-173.67,118.6,80.0,395
G0,289.45,-171.08,124.85,82.0,402
G0,285.42,-168.7,130.02,75.0,348
G0,281.17,-166.19,134.95,71.0,348
G0,275.19,-163.23,140.9,68.0,447
G0,259.33,-154.89,153.69,71.0,1100
G0,249.58,-152.21,159.05,68.0,572
G0,240.83,-147.89,163.48,66.0,535
G0,232.32,-144.14,164.62,66.0,468
G0,223.82,-140.77,157.43,70.0,581
G0,217.18,-137.06,147.82,67.0,612
G0,212.14,-134.34,136.3,66.0,643
G0,209.29,-132.53,123.84,75.0,645
G0,208.38,-130.62,112.41,72.0,581
G0,208.94,-129.63,102.14,67.0,516
G0,210.69,-129.83,92.65,66.0,482
G0,213.77,-132.63,84.41,62.0,461
G0,219.02,-135.88,77.75,63.0,454
G0,225.88,-140.14,72.78,64.0,474
G0,233.96,-145.16,70.72,74.0,486
G0,244.18,-152.02,76.31,73.0,675
G0,249.05,-155.58,85.66,79.0,556
G0,252.78,-158.45,97.42,74.0,633
G0,256.01,-160.47,110.59,69.0,685
G0,257.71,-161.54,122.6,67.0,608
G0,256.92,-161.59,133.05,61.0,523
G0,253.5,-161.62,141.76,63.0,467
G0,247.98,-159.71,148.23,64.0,435
G0,239.96,-156.64,152.59,75.0,481
G0,230.71,-153.64,154.91,71.0,499
G0,220.34,-150.18,153.59,68.0,550
G0,211.05,-147.19,148.21,66.0,557
G0,204.3,-146.24,139.0,66.0,572
G0,200.77,-147.0,128.32,65.0,563
G0,200.04,-148.83,119.08,65.0,472
G0,201.67,-151.5,111.96,75.0,388
G0,205.42,-155.8,106.14,72.0,407
G0,212.03,-160.3,101.61,68.0,459
G0,220.46,-165.08,99.7,66.0,493
G0,230.23,-168.57,99.92,61.0,518
G0,239.29,-171.29,102.54,63.0,490
G0,246.25,-174.56,106.34,64.0,428
G0,251.87,-177.39,111.73,74.0,414
G0,255.45,-179.32,118.88,72.0,411
G0,257.55,-179.62,126.8,68.0,409
G0,257.95,-179.31,134.71,66.0,396
G0,257.33,-178.88,141.58,64.0,345
G0,255.65,-177.71,147.58,63.0,316
G0,252.58,-176.16,149.94,64.0,208
G0,249.47,-174.55,152.2,74.0,208
G0,246.27,-172.31,154.58,71.0,228
G0,243.37,-169.17,156.94,69.0,244
G0,240.73,-165.16,159.25,67.0,266
G0,238.57,-159.94,161.49,67.0,303
G0,236.79,-153.53,163.64,76.0,349
G0,235.49,-146.1,165.6,72.0,389
G0,234.52,-138.13,167.29,78.0,410
G0,234.78,-128.75,165.38,74.0,478
G0,236.18,-119.34,160.59,76.0,532
G0,238.08,-111.27,153.88,70.0,533
G0,240.85,-104.56,145.2,67.0,565
G0,243.3,-100.78,136.19,76.0,503
G0,245.95,-99.67,127.74,72.0,446
G0,248.83,-100.84,120.32,68.0,402
G0,251.25,-104.52,113.79,67.0,393
G0,252.84,-109.76,108.66,63.0,375
G0,253.09,-116.86,104.58,63.0,409
G0,251.45,-126.09,101.47,64.0,493
G0,248.23,-138.61,99.65,75.0,652
G0,243.98,-150.33,99.52,72.0,623
G0,238.66,-162.67,101.85,69.0,681
G0,232.08,-174.9,106.35,63.0,729
G0,225.21,-185.98,112.62,63.0,723
G0,218.2,-197.15,120.41,64.0,765
G0,211.73,-207.23,129.27,74.0,744
G0,206.0,-214.39,138.31,72.0,643
G0,202.38,-218.53,146.91,68.0,510
G0,200.53,-220.57,154.7,66.0,413
G0,201.55,-219.65,155.99,64.0,94
G0,203.37,-216.92,156.41,63.0,165
G0,206.01,-213.09,156.94,64.0,234
G0,210.41,-208.48,157.04,74.0,318
G0,216.39,-202.26,157.04,71.0,431
G0,223.39,-194.5,157.04,69.0,522
G0,230.4,-186.14,157.04,67.0,545
G0,238.06,-176.56,156.94,66.0,613
G0,245.58,-166.28,156.83,76.0,636
G0,252.02,-156.36,156.83,72.0,591
G0,257.21,-147.28,156.94,78.0,522
G0,261.61,-139.32,156.94,74.0,454
G0,265.53,-132.13,156.83,76.0,409
G0,268.69,-125.57,156.83,70.0,364
G0,271.51,-119.35,156.83,67.0,341
G0,273.61,-113.33,153.07,76.0,370
G0,274.29,-107.26,147.46,72.0,414
G0,273.54,-102.16,143.7,68.0,319
G0,271.53,-98.09,141.75,66.0,247
G0,268.37,-94.63,142.12,64.0,235
G0,263.89,-91.24,145.1,63.0,317
G0,258.07,-87.9,149.0,64.0,388
G0,250.91,-85.03,153.57,74.0,448
G0,244.07,-83.55,157.98,71.0,413
G0,237.86,-81.83,162.16,69.0,384
G0,232.03,-80.62,165.46,67.0,340
G0,226.89,-79.23,168.69,66.0,311
G0,222.07,-78.69,171.44,75.0,278
G0,217.02,-79.91,173.78,72.0,284
G0,212.06,-82.55,174.12,78.0,281
G0,207.62,-86.0,174.07,74.0,281
G0,203.52,-90.59,174.0,70.0,307
G0,198.72,-97.75,173.94,68.0,431
G0,193.47,-106.87,173.91,67.0,526
G0,188.89,-115.19,173.93,66.0,474
G0,184.33,-122.76,173.94,75.0,441
G0,179.86,-129.58,173.95,72.0,407
G0,175.06,-137.05,173.98,69.0,443
G0,170.84,-143.3,174.01,67.0,377
G0,166.17,-149.68,174.03,66.0,395
G0,162.52,-156.16,174.08,75.0,371
G0,159.67,-162.14,174.12,72.0,331
G0,158.61,-167.11,174.11,68.0,254
G0,158.65,-171.84,174.02,67.0,236
G0,159.56,-176.59,171.3,62.0,277
G0,161.97,-180.37,166.3,63.0,335
G0,165.78,-184.04,160.04,64.0,409
G0,172.96,-189.66,151.82,76.0,613
G0,178.94,-192.63,147.61,73.0,394
G0,184.83,-195.33,143.89,79.0,373
G0,190.6,-197.75,140.2,74.0,363
G0,196.7,-199.13,136.66,69.0,359
G0,203.86,-199.52,132.8,67.0,407
G0,210.9,-198.95,129.24,71.0,395
G0,217.6,-197.83,125.46,68.0,388
G0,224.88,-195.19,121.76,66.0,429
G0,234.61,-192.54,116.27,77.0,574
G0,246.67,-183.53,113.55,73.0,764
G0,254.44,-178.03,111.84,79.0,483
G0,261.4,-171.21,111.47,74.0,487
G0,267.7,-164.39,111.82,79.0,464
G0,273.78,-157.88,112.5,74.0,446
G0,279.57,-150.54,114.3,70.0,476
G0,284.83,-142.28,117.39,68.0,513
G0,289.75,-133.25,121.25,67.0,549
G0,293.93,-124.93,125.37,75.0,509
G0,297.59,-116.89,129.49,72.0,487
G0,300.9,-108.71,133.14,68.0,477
G0,303.75,-100.86,136.31,67.0,446
G0,305.88,-93.81,139.37,61.0,398
G0,307.67,-87.18,141.04,63.0,353
G0,309.31,-80.51,141.18,64.0,343
G0,311.2,-72.9,141.18,75.0,392
G0,312.99,-64.76,141.18,72.0,416
G0,314.15,-57.99,141.32,78.0,343
G0,314.58,-51.61,141.88,73.0,320
G0,314.3,-45.64,142.84,70.0,302
G0,313.67,-40.15,143.92,67.0,281
G0,312.99,-34.22,144.99,66.0,303
G0,311.78,-28.78,146.3,75.0,286
G0,309.72,-23.8,148.08,72.0,283
G0,307.0,-18.86,150.18,68.0,300
G0,303.92,-14.93,152.32,66.0,271
G0,300.55,-11.07,154.47,65.0,277
G0,296.66,-8.19,156.73,63.0,267
G0,292.27,-6.28,159.05,64.0,266
G0,288.18,-4.42,161.04,74.0,245
G0,284.01,-3.05,162.89,72.0,238
G0,279.78,-1.72,164.6,69.0,237
G0,275.28,-0.84,166.25,67.0,243
G0,270.1,-0.83,167.94,66.0,272
G0,264.23,-0.81,169.6,75.0,305
G0,258.07,-1.19,171.04,72.0,316
G0,252.07,-1.93,172.18,68.0,307
G0,246.24,-2.64,173.03,66.0,296
G0,240.16,-3.68,173.65,66.0,309
G0,234.25,-5.39,174.01,64.0,308
G0,228.97,-7.38,174.12,65.0,282
G0,223.43,-9.6,174.03,75.0,298
G0,218.08,-12.06,173.75,71.0,294
G0,213.11,-15.06,173.32,69.0,291
G0,208.92,-18.64,172.86,67.0,276
G0,204.75,-21.44,172.28,66.0,252
G0,201.13,-23.87,166.04,75.0,380
G0,197.83,-26.56,158.97,72.0,412
G0,194.66,-29.18,151.97,68.0,405
G0,191.66,-30.84,145.75,66.0,355
G0,188.47,-31.51,139.95,64.0,332
G0,186.04,-31.69,134.38,63.0,303
G0,183.6,-31.28,129.07,64.0,292
G0,181.1,-31.14,124.26,74.0,271
G0,178.52,-30.69,119.48,71.0,272
G0,175.4,-30.16,114.6,68.0,290
G0,171.83,-29.27,110.61,66.0,271
G0,167.18,-28.48,107.23,61.0,290
G0,162.16,-27.88,104.55,63.0,286
G0,156.75,-27.45,101.9,64.0,301
G0,151.28,-26.73,98.94,74.0,313
G0,145.14,-26.56,95.58,71.0,350
G0,139.35,-26.83,92.27,69.0,333
G0,133.51,-27.2,88.58,68.0,345
G0,128.02,-27.92,84.66,66.0,339
G0,123.33,-28.49,81.16,63.0,293
G0,120.21,-28.74,76.25,64.0,291
G0,118.1,-29.2,72.05,75.0,236
G0,115.79,-29.19,67.76,72.0,243
G0,114.04,-29.12,64.54,69.0,183
G0,112.8,-29.18,62.41,67.0,123
G0,111.74,-28.9,60.51,66.0,109
G0,110.49,-28.76,58.42,76.0,121
G0,108.87,-28.87,55.93,72.0,148
G0,107.51,-29.4,54.09,78.0,117
G0,106.62,-30.21,53.01,73.0,80
G0,107.24,-32.71,54.65,76.0,94
G0,108.9,-33.58,56.64,72.0,136
G0,111.33,-34.71,58.95,68.0,176
G0,114.36,-36.23,61.37,66.0,208
G0,117.86,-37.14,63.8,66.0,217
G0,121.78,-38.37,66.26,63.0,239
G0,125.95,-39.69,68.26,64.0,240
G0,131.17,-41.11,70.67,74.0,296
G0,136.31,-42.95,72.05,71.0,281
G0,142.98,-45.3,73.07,69.0,357
G0,191.1,-60.22,72.51,82.0,2519
G0,201.97,-62.62,72.05,75.0,557
G0,211.87,-66.05,72.02,70.0,523
G0,221.11,-69.67,73.13,66.0,499
G0,230.05,-72.1,75.71,66.0,480
G0,238.04,-74.21,79.66,75.0,457
G0,244.07,-75.68,84.79,72.0,402
G0,248.2,-76.54,91.45,68.0,394
G0,252.55,-76.19,100.28,64.0,492
G0,255.94,-74.22,107.85,63.0,426
G0,258.23,-72.32,115.01,65.0,387
G0,259.75,-69.31,122.26,75.0,399
G0,260.77,-65.32,128.93,72.0,391
G0,260.76,-60.24,135.44,70.0,412
G0,260.02,-55.46,141.28,68.0,379
G0,257.44,-51.62,146.7,67.0,356
G0,253.7,-48.04,151.74,76.0,361
G0,246.45,-44.71,156.92,93.0,475
G0,241.43,-41.51,158.92,86.0,314
G0,235.98,-39.83,159.24,77.0,285
G0,230.55,-38.91,158.84,81.0,276
G0,224.68,-37.92,158.24,75.0,299
G0,218.29,-37.19,157.13,69.0,326
G0,211.59,-36.38,154.75,67.0,357
G0,205.51,-36.31,151.23,66.0,351
G0,200.14,-37.26,146.7,63.0,354
G0,195.06,-38.49,140.98,64.0,387
G0,190.88,-41.02,134.79,74.0,394
G0,187.96,-43.72,127.63,72.0,409
G0,185.52,-47.08,121.2,69.0,382
G0,182.96,-50.33,115.96,67.0,333
G0,180.2,-54.66,111.68,66.0,334
G0,177.52,-59.55,107.77,75.0,340
G0,175.33,-65.48,103.71,72.0,375
G0,173.21,-71.74,100.38,68.0,370
G0,170.89,-77.95,97.28,66.0,365
G0,169.43,-84.63,94.36,66.0,371
G0,168.61,-91.12,91.68,65.0,353
G0,167.99,-97.9,89.17,65.0,362
G0,167.25,-104.48,86.94,75.0,349
G0,166.42,-111.94,85.22,72.0,385