G0,147.42,-0.45,85.37,114.0,6000
G0,143.86,-0.44,78.98,90.0,365
G0,137.99,-0.42,69.73,88.0,547
G0,130.27,-0.4,59.38,78.0,645
G0,120.04,-0.37,47.95,71.0,766
G0,108.38,-0.33,37.24,67.0,791
G0,95.11,-0.29,27.35,63.0,827
G0,94.06,-0.29,26.53,62.0,66
G0,95.41,0.59,29.49,65.0,72
G0,95.47,1.9,30.43,64.0,80
G0,95.83,3.53,31.67,64.0,103
G0,97.67,5.1,34.07,64.0,170
G0,99.56,7.34,36.34,62.0,185
G0,101.72,9.55,38.78,63.0,196
G0,104.74,11.78,42.43,74.0,261
G0,108.23,14.02,46.93,70.0,305
G0,111.67,16.21,51.76,78.0,316
G0,115.42,18.57,57.53,72.0,363
G0,118.68,20.59,63.07,68.0,336
G0,121.68,22.66,68.75,65.0,337
G0,124.17,24.9,74.12,64.0,316
G0,126.0,27.08,78.72,64.0,270
G0,127.75,28.89,83.39,61.0,265
G0,129.18,30.89,87.9,61.0,256
G0,130.38,32.87,92.23,63.0,245
G0,131.15,34.35,95.45,74.0,181
G0,131.68,34.92,97.86,71.0,126
G0,132.28,35.08,100.3,78.0,125
G0,132.13,35.04,103.12,73.0,141
G0,132.29,34.65,105.42,68.0,116
G0,131.84,34.1,107.66,65.0,117
G0,131.03,33.68,109.28,69.0,92
G0,130.02,32.99,109.12,65.0,61
G0,129.53,32.23,106.02,73.0,61
G0,129.21,32.37,104.84,69.0,61
G0,128.77,32.26,102.94,66.0,97
G0,128.37,32.15,101.29,60.0,85
G0,127.77,32.21,99.17,62.0,110
G0,127.09,32.25,96.82,62.0,122
G0,125.76,33.15,93.33,74.0,192
G0,124.49,33.83,90.08,71.0,177
G0,123.09,34.67,86.86,78.0,180
G0,121.37,36.0,83.44,73.0,202
G0,120.01,37.01,80.64,69.0,163
G0,118.64,37.58,77.95,66.0,153
G0,116.85,38.4,74.91,75.0,181
G0,115.19,40.42,72.93,72.0,163
G0,113.63,42.24,71.17,78.0,148
G0,112.03,44.01,69.42,73.0,147
G0,111.03,45.59,68.77,79.0,98
G0,110.3,47.48,68.69,73.0,101
G0,109.46,49.12,68.48,69.0,92
G0,108.69,50.8,68.48,66.0,92
G0,107.84,52.84,68.69,111.0,110
G0,106.76,54.98,68.69,93.0,119
G0,105.82,56.77,68.69,75.0,101
G0,105.03,58.23,68.69,68.0,83
G0,104.12,59.83,68.69,66.0,92
G0,103.38,61.1,68.69,75.0,73
G0,105.25,63.97,75.05,65.0,61
G0,106.45,64.47,77.95,71.0,61
G0,106.94,64.99,79.83,78.0,100
G0,107.39,65.49,81.4,73.0,85
G0,108.06,65.44,82.76,79.0,75
G0,108.71,65.38,84.12,73.0,75
G0,109.65,64.81,85.49,69.0,87
G0,110.63,64.47,87.32,66.0,105
G0,111.68,63.94,89.16,65.0,109
G0,112.74,63.18,90.78,62.0,103
G0,113.68,62.57,92.4,63.0,98
G0,114.74,62.01,94.49,74.0,120
G0,115.85,61.69,97.29,71.0,151
G0,116.98,61.84,100.72,78.0,180
G0,117.81,62.28,104.5,73.0,194
G0,118.56,62.67,108.31,67.0,195
G0,119.15,62.99,111.65,65.0,170
G0,119.54,63.19,114.05,69.0,121
G0,119.91,63.15,115.97,66.0,97
G0,120.24,63.09,117.66,59.0,86
G0,120.62,62.82,119.1,62.0,75
G0,120.92,62.74,120.79,63.0,85
G0,121.2,62.65,122.49,74.0,86
G0,121.53,62.58,124.91,71.0,122
G0,121.91,62.3,127.09,78.0,111
G0,122.18,62.2,129.52,73.0,122
G0,122.58,61.7,131.46,68.0,102
G0,123.14,60.8,133.41,66.0,110
G0,123.76,59.7,135.11,64.0,105
G0,124.36,58.58,137.06,64.0,116
G0,125.02,57.26,139.25,64.0,132
G0,125.63,55.92,141.03,74.0,115
G0,128.45,56.23,143.24,69.0,69
G0,129.04,57.44,144.04,66.0,78
G0,129.07,58.64,144.45,62.0,63
G0,128.93,59.77,144.71,62.0,58
G0,129.53,61.75,145.77,73.0,61
G0,129.65,63.52,146.42,71.0,94
G0,129.84,65.11,147.06,78.0,86
G0,130.39,66.38,147.82,73.0,78
G0,131.62,68.29,149.19,70.0,132
G0,131.29,71.21,149.93,67.0,151
G0,131.08,73.46,150.53,76.0,116
G0,131.28,75.7,151.37,72.0,120
G0,131.12,78.87,152.31,67.0,165
G0,131.22,82.25,153.45,65.0,178
G0,131.59,86.18,154.9,59.0,210
G0,131.92,90.8,156.51,61.0,245
G0,131.53,96.0,157.95,62.0,270
G0,130.98,100.61,159.14,73.0,239
G0,130.0,105.03,160.1,71.0,231
G0,129.25,108.41,160.85,68.0,177
G0,127.78,111.95,161.39,65.0,193
G0,127.35,115.43,162.28,64.0,180
G0,127.33,119.01,163.3,110.0,186
G0,127.56,122.58,164.36,92.0,186
G0,128.47,125.74,165.44,80.0,173
G0,129.83,129.04,166.6,83.0,187
G0,131.58,131.98,167.68,75.0,179
G0,132.67,134.72,168.5,80.0,153
G0,133.96,137.28,169.26,74.0,148
G0,135.08,139.72,169.91,68.0,138
G0,135.83,142.23,170.47,66.0,133
G0,136.71,144.92,171.04,64.0,144
G0,136.9,147.37,171.43,64.0,124
G0,136.84,150.05,171.8,110.0,135
G0,136.78,151.84,172.03,92.0,90
G0,136.93,153.43,172.24,80.0,80
G0,136.99,155.4,172.48,72.0,99
G0,137.2,158.07,172.8,79.0,134
G0,137.92,160.88,173.13,74.0,145
G0,139.03,164.21,173.48,79.0,176
G0,139.83,167.22,173.72,74.0,156
ee,1
G0,140.73,169.87,173.89,80.0,140
G0,141.32,172.2,174.0,74.0,120
G0,141.76,173.82,174.05,66.0,83
G0,141.78,175.48,174.09,64.0,83
G0,141.92,176.77,174.11,64.0,64
G0,142.06,178.05,174.12,64.0,64
G0,142.18,179.9,174.12,63.0,92
G0,142.71,181.71,174.1,62.0,94
G0,143.62,184.03,174.04,62.0,124
G0,144.09,186.98,173.93,73.0,149
G0,144.97,189.32,173.78,70.0,125
G0,145.83,191.67,173.6,67.0,125
G0,146.38,194.24,173.37,65.0,131
G0,146.48,196.88,173.13,65.0,132
G0,146.37,199.91,172.83,75.0,152
G0,146.28,202.38,172.55,71.0,124
G0,145.85,205.08,172.25,67.0,137
G0,146.24,209.0,171.64,67.0,199
G0,144.66,212.95,171.18,75.0,213
G0,144.09,215.64,170.76,71.0,139
G0,143.26,218.74,170.28,62.0,162
G0,142.27,221.65,169.81,63.0,155
G0,141.81,223.95,169.38,63.0,119
G0,141.77,226.95,168.68,74.0,154
G0,142.04,229.73,167.94,71.0,144
G0,142.25,233.26,166.95,68.0,183
G0,143.25,236.52,165.82,66.0,179
G0,143.42,239.28,164.91,64.0,145
G0,142.73,240.64,164.6,75.0,77
G0,141.72,241.47,164.53,71.0,65
G0,139.5,246.25,163.31,71.0,78
G0,139.25,248.47,162.55,72.0,69
G0,133.39,252.34,162.29,65.0,66
G0,133.48,252.52,162.2,75.0,66
G0,133.79,250.31,162.97,74.0,79
G0,132.46,248.74,163.8,71.0,110
G0,132.65,247.26,164.29,78.0,78
G0,130.64,244.41,165.6,66.0,76
G0,129.39,242.97,166.25,75.0,100
G0,129.06,240.57,167.02,71.0,127
G0,127.91,239.31,167.55,67.0,89
G0,130.07,237.17,165.31,63.0,87
G0,130.05,237.14,163.6,63.0,85
G0,130.01,237.07,161.17,64.0,121
G0,129.04,237.03,159.59,65.0,92
G0,128.24,236.42,158.38,64.0,78
G0,127.73,236.35,156.99,70.0,74
G0,126.59,235.1,155.23,74.0,73
G0,125.75,233.53,154.48,71.0,96
G0,124.6,231.41,154.12,74.0,121
G0,123.49,230.18,153.28,71.0,92
G0,122.13,230.18,151.44,74.0,72
G0,122.11,230.15,149.46,71.0,99
G0,122.04,230.01,148.25,74.0,61
G0,121.92,229.79,146.56,71.0,85
G0,122.62,229.41,145.07,74.0,84
G0,122.73,229.61,142.51,60.0,101
G0,123.21,230.5,143.26,63.0,51
G0,125.38,230.3,145.79,63.0,85
G0,125.46,230.45,147.0,63.0,61
G0,125.81,230.25,148.5,63.0,77
G0,126.03,230.66,150.38,63.0,96
G0,125.78,231.05,152.32,63.0,99
G0,125.88,231.22,154.25,63.0,97
G0,126.01,231.46,157.41,63.0,158
G0,126.09,231.61,159.84,63.0,121
G0,126.49,231.5,161.54,63.0,87
G0,127.25,231.2,163.73,63.0,116
G0,127.55,230.9,166.95,63.0,162
G0,127.91,230.72,169.7,63.0,138
G0,130.73,229.13,169.7,61.0,81
G0,132.49,228.12,169.7,62.0,101
G0,133.88,227.31,169.7,61.0,80
G0,135.62,226.27,169.7,62.0,101
G0,137.35,225.23,169.7,61.0,100
G0,139.42,223.95,169.7,62.0,121
G0,142.16,222.22,169.7,70.0,162
G0,144.54,220.69,169.7,69.0,141
G0,147.57,218.67,169.7,73.0,182
G0,149.91,217.07,169.7,71.0,141
G0,152.89,214.98,169.7,74.0,181
G0,154.86,213.57,169.7,71.0,121
G0,156.82,212.13,169.7,74.0,121
G0,158.77,210.68,169.7,71.0,121
G0,160.7,209.21,169.7,74.0,121
G0,162.94,207.47,169.7,71.0,141
G0,165.16,205.71,169.7,74.0,141
G0,167.04,204.18,169.7,71.0,121
G0,168.92,202.63,169.7,75.0,121
G0,171.08,200.81,169.7,71.0,141
G0,173.84,198.43,169.7,75.0,182
G0,177.16,195.47,169.7,71.0,222
G0,180.73,192.17,169.7,74.0,243
G0,184.81,188.25,169.7,71.0,282
G0,189.1,183.95,169.7,74.0,303
G0,193.55,179.25,169.7,71.0,323
G0,198.16,174.14,169.7,74.0,344
G0,202.89,168.6,169.7,71.0,364
G0,207.72,162.62,169.7,74.0,384
G0,212.61,156.17,169.7,71.0,404
G0,218.44,147.91,169.7,63.0,505
G0,224.17,139.08,169.7,62.0,526
G0,230.52,128.26,169.7,58.0,627
G0,236.18,117.52,169.7,59.0,607
G0,242.15,104.68,169.7,57.0,708
G0,247.42,91.53,169.7,59.0,708
G0,252.76,76.25,169.65,57.0,809
G0,257.86,59.57,169.49,59.0,872
G0,263.33,39.89,169.03,56.0,1021
G0,269.31,20.7,167.94,59.0,1006
G0,275.48,-1.27,166.18,56.0,1144
G0,280.11,-22.39,164.13,58.0,1085
G0,283.12,-44.66,161.76,60.0,1129
G0,284.27,-64.75,159.44,62.0,1012
G0,283.02,-85.38,157.35,62.0,1038
G0,279.77,-103.5,155.88,63.0,923
G0,273.39,-121.69,155.34,59.0,964
G0,265.83,-137.41,155.34,61.0,872
G0,257.61,-152.27,155.34,62.0,849
ee,0
G0,249.58,-165.11,155.34,63.0,757
G0,241.17,-177.15,155.34,62.0,734
G0,231.9,-189.13,155.34,62.0,757
G0,222.03,-200.62,155.34,62.0,757
G0,211.08,-212.38,155.24,85.0,803
G0,200.73,-224.22,154.36,80.0,787
G0,189.2,-237.14,152.89,74.0,868
G0,180.18,-249.28,150.18,71.0,768
G0,164.81,-262.04,148.83,78.0,1001
G0,155.74,-268.16,148.46,73.0,547
G0,149.54,-272.68,147.83,68.0,384
G0,147.1,-275.21,147.07,65.0,179
G0,144.64,-276.7,146.94,64.0,143
G0,142.44,-277.65,147.07,61.0,119
G0,144.48,-276.39,147.2,73.0,119
G0,148.79,-274.3,147.07,70.0,239
G0,154.05,-270.97,146.03,68.0,315
G0,159.63,-267.25,143.37,66.0,360
G0,165.08,-263.37,140.7,65.0,360
G0,170.64,-258.8,138.77,74.0,372
G0,175.98,-253.16,136.36,71.0,406
G0,180.68,-247.56,133.21,78.0,398
G0,183.58,-239.75,130.37,74.0,440
G0,189.24,-229.87,129.48,80.0,571
G0,191.15,-222.28,128.35,74.0,395
G0,192.88,-214.13,126.96,69.0,422
G0,193.93,-206.21,125.44,66.0,406
G0,195.39,-198.41,123.78,65.0,405
G0,196.85,-189.74,121.63,75.0,452
G0,198.36,-181.45,119.94,71.0,429
G0,198.86,-173.68,118.46,78.0,396
G0,199.15,-166.01,116.6,73.0,394
G0,198.84,-158.64,115.16,69.0,375
G0,198.0,-151.61,114.13,66.0,357
G0,196.75,-144.99,113.2,65.0,340
G0,195.75,-138.32,112.34,75.0,339
G0,194.19,-132.36,112.07,71.0,308
G0,192.18,-126.29,111.94,78.0,319
G0,190.08,-120.78,111.86,73.0,294
G0,187.31,-115.42,111.65,69.0,301
G0,184.12,-109.98,111.48,66.0,315
G0,180.99,-104.37,111.1,65.0,321
G0,177.91,-98.63,110.08,62.0,329
G0,175.04,-92.87,108.48,63.0,331
G0,172.24,-86.7,105.69,74.0,366
G0,169.48,-80.16,103.17,71.0,376
G0,165.35,-73.29,100.24,70.0,426
G0,164.87,-65.35,98.06,66.0,412
G0,163.82,-60.32,96.6,65.0,267
G0,162.18,-55.51,95.35,60.0,261
G0,160.29,-51.05,93.31,61.0,262
G0,157.93,-47.12,90.8,62.0,261
G0,155.08,-43.94,88.19,73.0,250
G0,151.76,-41.25,85.59,70.0,250
G0,149.03,-38.55,83.64,67.0,215
G0,145.98,-35.85,82.13,65.0,217
G0,143.31,-33.34,80.7,64.0,196
G0,140.49,-31.55,79.19,74.0,183
G0,137.79,-30.28,77.71,71.0,166
G0,134.82,-29.19,75.74,78.0,186
G0,132.32,-28.22,74.24,73.0,153
G0,129.61,-27.44,72.16,68.0,175
G0,127.52,-26.59,70.78,66.0,132
G0,125.72,-25.61,69.4,65.0,123
G0,123.89,-24.64,68.06,74.0,123
G0,123.04,-24.08,66.69,71.0,85
G0,122.49,-23.58,65.65,67.0,63
G0,121.89,-23.27,64.62,65.0,61
G0,121.32,-22.78,63.59,64.0,63
G0,120.53,-22.63,62.37,64.0,73
G0,119.87,-22.51,61.35,60.0,61
G0,117.76,-20.06,59.18,78.0,59
G0,116.88,-18.62,58.49,73.0,91
G0,116.28,-16.7,57.85,79.0,105
G0,115.18,-14.39,56.81,73.0,138
G0,113.21,-11.85,55.08,70.0,182
G0,111.36,-9.76,53.45,67.0,161
G0,110.1,-7.27,52.07,76.0,155
G0,109.71,-4.21,51.27,72.0,159
G0,109.65,-0.67,51.07,78.0,177
G0,109.58,3.03,51.13,73.0,185
G0,109.7,7.08,51.47,79.0,203
G0,109.55,10.62,51.67,74.0,177
G0,109.11,14.48,51.67,80.0,194
G0,108.39,18.12,51.53,74.0,185
G0,107.55,21.91,51.33,68.0,194
G0,106.67,25.85,51.33,65.0,201
G0,105.6,29.92,51.33,60.0,210
G0,104.48,33.63,51.33,61.0,193
G0,103.18,36.92,51.19,62.0,177
G0,102.31,39.28,51.19,61.0,125
G0,101.38,41.26,50.99,62.0,109
G0,100.67,42.97,50.99,74.0,92
G0,99.42,44.44,50.19,71.0,104
G0,97.65,45.27,48.39,67.0,132
G0,95.63,46.13,46.48,65.0,145
G0,93.34,46.81,44.14,64.0,167
G0,90.74,47.25,41.51,63.0,186
G0,88.91,48.4,40.18,62.0,126
G0,87.0,49.28,38.68,61.0,129
G0,85.69,50.3,37.94,62.0,90
G0,84.83,51.73,37.94,73.0,83
G0,83.78,53.42,37.94,70.0,99
G0,82.62,55.2,37.94,78.0,106
G0,81.28,56.87,37.75,73.0,107
G0,79.7,58.54,37.38,69.0,116
G0,77.91,59.85,36.68,67.0,116
G0,75.74,60.81,35.4,60.0,134
G0,73.51,61.47,33.95,62.0,137
G0,71.71,62.82,33.41,63.0,115
G0,69.98,64.01,32.87,74.0,108
G0,68.59,65.5,32.83,71.0,101
G0,67.47,66.65,32.83,78.0,80